LG00	1	20000	0.6632
LG00	20001	40000	0.7231
LG00	40001	60000	0
LG00	60001	80000	0.00135
LG00	80001	100000	0.11525
LG00	100001	120000	0.70185
LG00	120001	140000	0.7413
LG00	140001	160000	0.9991
LG00	160001	180000	0.95025
LG00	180001	200000	0.1785
LG00	200001	220000	0.12145
LG00	220001	240000	0.9666
LG00	240001	260000	0.69725
LG00	260001	280000	0.9999
LG00	280001	300000	0.8016
LG00	300001	320000	0.72715
LG00	320001	340000	0.83845
LG00	340001	360000	0.0606
LG00	360001	380000	0.1383
LG00	380001	400000	0.63715
LG00	400001	420000	0.59745
LG00	420001	440000	0.03455
LG00	440001	460000	0.084
LG00	460001	480000	0.09085
LG00	480001	500000	0.15725
LG00	500001	520000	0.64385
LG00	520001	540000	0.0512
LG00	540001	560000	0.1596
LG00	560001	580000	0.90965
LG00	580001	600000	0.2691
LG00	600001	620000	0
LG00	620001	640000	0
LG00	640001	660000	0
LG00	660001	680000	0.0077
LG00	680001	700000	0.0181
LG00	700001	720000	0.0111
LG00	720001	740000	0.00545
LG00	740001	760000	0
LG00	760001	780000	0
LG00	780001	800000	0
LG00	800001	820000	0
LG00	820001	840000	0
LG00	840001	860000	0
LG00	860001	880000	0.0038
LG00	880001	900000	0
LG00	900001	920000	0
LG00	920001	940000	0
LG00	940001	960000	0.1455
LG00	960001	980000	0.99985
LG00	980001	1000000	0.2686
LG00	1000001	1020000	0.09295
LG00	1020001	1040000	0.46665
LG00	1040001	1060000	0.273
LG00	1060001	1080000	0
LG00	1080001	1100000	0
LG00	1100001	1120000	0.0028
LG00	1120001	1140000	0
LG00	1140001	1160000	0
LG00	1160001	1180000	0.00235
LG00	1180001	1200000	0
LG00	1200001	1220000	0.01335
LG00	1220001	1240000	0
LG00	1240001	1260000	0
LG00	1260001	1280000	0
LG00	1280001	1300000	0
LG00	1300001	1320000	0
LG00	1320001	1340000	0.0133
LG00	1340001	1360000	0.0057
LG00	1360001	1380000	0.39835
LG00	1380001	1400000	0.77285
LG00	1400001	1420000	0
LG00	1420001	1440000	0
LG00	1440001	1460000	0
LG00	1460001	1480000	0
LG00	1480001	1500000	0.00215
LG00	1500001	1520000	0
LG00	1520001	1540000	0
LG00	1540001	1560000	0
LG00	1560001	1580000	0
LG00	1580001	1600000	0
LG00	1600001	1620000	0
LG00	1620001	1640000	0
LG00	1640001	1660000	0
LG00	1660001	1680000	0
LG00	1680001	1700000	0
LG00	1700001	1720000	0
LG00	1720001	1740000	0
LG00	1740001	1760000	0
LG00	1760001	1780000	0
LG00	1780001	1800000	0
LG00	1800001	1820000	0
LG00	1820001	1840000	0
LG00	1840001	1860000	0.1886
LG00	1860001	1880000	0.20055
LG00	1880001	1900000	0.1493
LG00	1900001	1920000	0
LG00	1920001	1940000	0
LG00	1940001	1960000	0
LG00	1960001	1980000	0
LG00	1980001	2000000	0
LG00	2000001	2020000	0
LG00	2020001	2040000	0.01195
LG00	2040001	2060000	0
LG00	2060001	2080000	0.0032
LG00	2080001	2100000	0.00425
LG00	2100001	2120000	0
LG00	2120001	2140000	0
LG00	2140001	2160000	0
LG00	2160001	2180000	0
LG00	2180001	2200000	0
LG00	2200001	2220000	0
LG00	2220001	2240000	0
LG00	2240001	2260000	0
LG00	2260001	2280000	0
LG00	2280001	2300000	0
LG00	2300001	2320000	0
LG00	2320001	2340000	0
LG00	2340001	2360000	0
LG00	2360001	2380000	0
LG00	2380001	2400000	0
LG00	2400001	2420000	0
LG00	2420001	2440000	0
LG00	2440001	2460000	0
LG00	2460001	2480000	0
LG00	2480001	2500000	0
LG00	2500001	2520000	0
LG00	2520001	2540000	0.0109
LG00	2540001	2560000	0
LG00	2560001	2580000	0
LG00	2580001	2600000	0
LG00	2600001	2620000	0.00515
LG00	2620001	2640000	0
LG00	2640001	2660000	0
LG00	2660001	2680000	0.0028
LG00	2680001	2700000	0
LG00	2700001	2720000	0
LG00	2720001	2740000	0.0107
LG00	2740001	2760000	0.06665
LG00	2760001	2780000	0
LG00	2780001	2800000	0
LG00	2800001	2820000	0
LG00	2820001	2840000	0
LG00	2840001	2860000	0
LG00	2860001	2880000	0
LG00	2880001	2900000	0
LG00	2900001	2920000	0
LG00	2920001	2940000	0.6809
LG00	2940001	2960000	0.85685
LG00	2960001	2980000	0.95825
LG00	2980001	3000000	0.0384
LG00	3000001	3020000	0.0939
LG00	3020001	3040000	0
LG00	3040001	3060000	0.2351
LG00	3060001	3080000	0
LG00	3080001	3100000	0
LG00	3100001	3120000	0.3748
LG00	3120001	3140000	0.40145
LG00	3140001	3160000	0.6815
LG00	3160001	3180000	0.48615
LG00	3180001	3200000	0
LG00	3200001	3220000	0.03825
LG00	3220001	3240000	0
LG00	3240001	3260000	0.32475
LG00	3260001	3280000	0.22925
LG00	3280001	3300000	0
LG00	3300001	3320000	0.0595
LG00	3320001	3340000	0.1386
LG00	3340001	3360000	0.2094
LG00	3360001	3380000	0.02955
LG00	3380001	3400000	0.15355
LG00	3400001	3420000	0.63935
LG00	3420001	3440000	0
LG00	3440001	3460000	0.0199
LG00	3460001	3480000	0.5777
LG00	3480001	3500000	0.3521
LG00	3500001	3520000	0.00245
LG00	3520001	3540000	0.56995
LG00	3540001	3560000	0.5545
LG00	3560001	3580000	0.4768
LG00	3580001	3600000	0.939
LG00	3600001	3620000	0.76365
LG00	3620001	3640000	0
LG00	3640001	3660000	0.5447
LG00	3660001	3680000	0.99215
LG00	3680001	3700000	0.3176
LG00	3700001	3720000	0.40125
LG00	3720001	3740000	0.1027
LG00	3740000	3763241	0.0493072885293865
LG01	1	20000	0.09755
LG01	20001	40000	0.0429
LG01	40001	60000	0.097
LG01	60001	80000	0.06085
LG01	80001	100000	0.0245
LG01	100001	120000	0.0046
LG01	120001	140000	0
LG01	140001	160000	0.098
LG01	160001	180000	0.63905
LG01	180001	200000	0.3033
LG01	200001	220000	0.037
LG01	220001	240000	0.23195
LG01	240001	260000	0.01955
LG01	260001	280000	0.01155
LG01	280001	300000	0
LG01	300001	320000	0.50945
LG01	320001	340000	0.5122
LG01	340001	360000	0
LG01	360001	380000	0
LG01	380001	400000	0
LG01	400001	420000	0
LG01	420001	440000	0
LG01	440001	460000	0
LG01	460001	480000	0
LG01	480001	500000	0
LG01	500001	520000	0
LG01	520001	540000	0
LG01	540001	560000	0
LG01	560001	580000	0
LG01	580001	600000	0
LG01	600001	620000	0
LG01	620001	640000	0
LG01	640001	660000	0
LG01	660001	680000	0
LG01	680001	700000	0.0017
LG01	700001	720000	0
LG01	720001	740000	0
LG01	740001	760000	0
LG01	760001	780000	0
LG01	780001	800000	0
LG01	800001	820000	0
LG01	820001	840000	0
LG01	840001	860000	0
LG01	860001	880000	0
LG01	880001	900000	0
LG01	900001	920000	0
LG01	920001	940000	0
LG01	940001	960000	0
LG01	960001	980000	0
LG01	980001	1000000	0
LG01	1000001	1020000	0.00385
LG01	1020001	1040000	0
LG01	1040001	1060000	0
LG01	1060001	1080000	0
LG01	1080001	1100000	0
LG01	1100001	1120000	0
LG01	1120001	1140000	0
LG01	1140001	1160000	0
LG01	1160001	1180000	0
LG01	1180001	1200000	0
LG01	1200001	1220000	0
LG01	1220001	1240000	0
LG01	1240001	1260000	0
LG01	1260001	1280000	0
LG01	1280001	1300000	0.00275
LG01	1300001	1320000	0
LG01	1320001	1340000	0
LG01	1340001	1360000	0.0094
LG01	1360001	1380000	0
LG01	1380001	1400000	0.0032
LG01	1400001	1420000	0
LG01	1420001	1440000	0
LG01	1440001	1460000	0
LG01	1460001	1480000	0
LG01	1480001	1500000	0
LG01	1500001	1520000	0
LG01	1520001	1540000	0
LG01	1540001	1560000	0
LG01	1560001	1580000	0
LG01	1580001	1600000	0.07315
LG01	1600001	1620000	0
LG01	1620001	1640000	0.0044
LG01	1640001	1660000	0
LG01	1660001	1680000	0
LG01	1680001	1700000	0.03355
LG01	1700001	1720000	0
LG01	1720001	1740000	0
LG01	1740001	1760000	0
LG01	1760001	1780000	0.0172
LG01	1780001	1800000	0
LG01	1800001	1820000	0
LG01	1820001	1840000	0
LG01	1840001	1860000	0
LG01	1860001	1880000	0
LG01	1880001	1900000	0
LG01	1900001	1920000	0.0126
LG01	1920001	1940000	0.2639
LG01	1940001	1960000	0
LG01	1960001	1980000	0.00875
LG01	1980001	2000000	0.0123
LG01	2000001	2020000	0
LG01	2020001	2040000	0.42285
LG01	2040001	2060000	0.97795
LG01	2060001	2080000	0.9998
LG01	2080001	2100000	0.617
LG01	2100001	2120000	0.96525
LG01	2120001	2140000	0.2615
LG01	2140001	2160000	0
LG01	2160001	2180000	0
LG01	2180001	2200000	0.00385
LG01	2200001	2220000	0
LG01	2220001	2240000	0
LG01	2240001	2260000	0
LG01	2260001	2280000	0
LG01	2280001	2300000	0
LG01	2300001	2320000	0
LG01	2320001	2340000	0
LG01	2340001	2360000	0
LG01	2360001	2380000	0
LG01	2380001	2400000	0
LG01	2400001	2420000	0
LG01	2420001	2440000	0
LG01	2440001	2460000	0
LG01	2460001	2480000	0.0049
LG01	2480001	2500000	0
LG01	2500001	2520000	0
LG01	2520001	2540000	0
LG01	2540001	2560000	0
LG01	2560001	2580000	0.01205
LG01	2580001	2600000	0
LG01	2600001	2620000	0
LG01	2620001	2640000	0
LG01	2640001	2660000	0
LG01	2660001	2680000	0
LG01	2680001	2700000	0
LG01	2700001	2720000	0.02035
LG01	2720001	2740000	0
LG01	2740001	2760000	0
LG01	2760001	2780000	0
LG01	2780001	2800000	0
LG01	2800001	2820000	0
LG01	2820001	2840000	0
LG01	2840001	2860000	0
LG01	2860001	2880000	0.0109
LG01	2880001	2900000	0.0164
LG01	2900001	2920000	0
LG01	2920001	2940000	0
LG01	2940001	2960000	0
LG01	2960001	2980000	0
LG01	2980001	3000000	0.0548
LG01	3000001	3020000	0.0154
LG01	3020001	3040000	0
LG01	3040001	3060000	0
LG01	3060001	3080000	0.1148
LG01	3080001	3100000	0
LG01	3100001	3120000	0.01375
LG01	3120001	3140000	0
LG01	3140001	3160000	0.01645
LG01	3160001	3180000	0.43765
LG01	3180001	3200000	0.79235
LG01	3200001	3220000	0.5841
LG01	3220001	3240000	0.9999
LG01	3240001	3260000	0.43945
LG01	3260001	3280000	0.16765
LG01	3280001	3300000	0.63225
LG01	3300001	3320000	0.2628
LG01	3320001	3340000	0.97025
LG01	3340001	3360000	0.7571
LG01	3360001	3380000	0.8397
LG01	3380001	3400000	0.388
LG01	3400001	3420000	0.3601
LG01	3420001	3440000	0.4426
LG01	3440001	3460000	0.10295
LG01	3460001	3480000	0.3303
LG01	3480001	3500000	0.78635
LG01	3500001	3520000	0.58165
LG01	3520001	3540000	0.2871
LG01	3540001	3560000	0
LG01	3560001	3580000	0
LG01	3580001	3600000	0.09185
LG01	3600001	3620000	0.652
LG01	3620001	3640000	0.79755
LG01	3640001	3660000	0.99985
LG01	3660001	3680000	0.1325
LG01	3680001	3700000	0.0057
LG01	3700001	3720000	0.17655
LG01	3720001	3740000	0.85195
LG01	3740001	3760000	0.8135
LG01	3760001	3780000	0.5381
LG01	3780001	3800000	0
LG01	3800001	3820000	0
LG01	3820001	3840000	0
LG01	3840001	3860000	0
LG01	3860001	3880000	0.4331
LG01	3880001	3900000	0
LG01	3900001	3920000	0
LG01	3920001	3940000	0
LG01	3940001	3960000	0.0168
LG01	3960001	3980000	0
LG01	3980001	4000000	0
LG01	4000001	4020000	0.0027
LG01	4020001	4040000	0.04375
LG01	4040001	4060000	0.03215
LG01	4060001	4080000	0
LG01	4080001	4100000	0
LG01	4100001	4120000	0
LG01	4120001	4140000	0.0378
LG01	4140001	4160000	0.0042
LG01	4160001	4180000	0.0006
LG01	4180001	4200000	0.0067
LG01	4200001	4220000	0.2058
LG01	4220001	4240000	0.0138
LG01	4240001	4260000	0
LG01	4260001	4280000	0
LG01	4280001	4300000	0.022
LG01	4300001	4320000	0
LG01	4320001	4340000	0
LG01	4340001	4360000	0
LG01	4360001	4380000	0
LG01	4380001	4400000	0
LG01	4400001	4420000	0
LG01	4420001	4440000	0.01
LG01	4440001	4460000	0
LG01	4460001	4480000	0
LG01	4480001	4500000	0.00865
LG01	4500001	4520000	0
LG01	4520001	4540000	0
LG01	4540001	4560000	0
LG01	4560001	4580000	0
LG01	4580001	4600000	0
LG01	4600001	4620000	0
LG01	4620001	4640000	0
LG01	4640001	4660000	0
LG01	4660001	4680000	0
LG01	4680001	4700000	0
LG01	4700001	4720000	0
LG01	4720001	4740000	0
LG01	4740001	4760000	0
LG01	4760001	4780000	0
LG01	4780001	4800000	0.00795
LG01	4800001	4820000	0
LG01	4820001	4840000	0
LG01	4840001	4860000	0
LG01	4860001	4880000	0.00665
LG01	4880001	4900000	0
LG01	4900001	4920000	0
LG01	4920001	4940000	0
LG01	4940001	4960000	0
LG01	4960001	4980000	0
LG01	4980001	5000000	0.0178
LG01	5000001	5020000	0.6042
LG01	5020001	5040000	0
LG01	5040001	5060000	0
LG01	5060001	5080000	0
LG01	5080001	5100000	0
LG01	5100001	5120000	0
LG01	5120001	5140000	0
LG01	5140001	5160000	0
LG01	5160001	5180000	0
LG01	5180001	5200000	0
LG01	5200001	5220000	0
LG01	5220001	5240000	0
LG01	5240001	5260000	0
LG01	5260001	5280000	0
LG01	5280001	5300000	0
LG01	5300001	5320000	0
LG01	5320001	5340000	0
LG01	5340001	5360000	0
LG01	5360001	5380000	0
LG01	5380001	5400000	0
LG01	5400001	5420000	0
LG01	5420001	5440000	0
LG01	5440001	5460000	0
LG01	5460001	5480000	0
LG01	5480001	5500000	0
LG01	5500001	5520000	0.05085
LG01	5520001	5540000	0.67255
LG01	5540001	5560000	0.96375
LG01	5560001	5580000	0.0823
LG01	5580001	5600000	0
LG01	5600001	5620000	0.01335
LG01	5620001	5640000	0.14215
LG01	5640001	5660000	0
LG01	5660001	5680000	0
LG01	5680001	5700000	0
LG01	5700001	5720000	0
LG01	5720001	5740000	0
LG01	5740001	5760000	0
LG01	5760001	5780000	0.04755
LG01	5780001	5800000	0.0359
LG01	5800001	5820000	0
LG01	5820001	5840000	0
LG01	5840001	5860000	0
LG01	5860001	5880000	0
LG01	5880001	5900000	0.0018
LG01	5900001	5920000	0
LG01	5920001	5940000	0.50775
LG01	5940001	5960000	0.48585
LG01	5960001	5980000	0.90585
LG01	5980001	6000000	0.24965
LG01	6000001	6020000	0
LG01	6020001	6040000	0
LG01	6040001	6060000	0
LG01	6060001	6080000	0
LG01	6080001	6100000	0.0127
LG01	6100001	6120000	0
LG01	6120001	6140000	0.00235
LG01	6140001	6160000	0
LG01	6160001	6180000	0
LG01	6180001	6200000	0
LG01	6200001	6220000	0
LG01	6220001	6240000	0
LG01	6240001	6260000	0
LG01	6260001	6280000	0
LG01	6280001	6300000	0
LG01	6300001	6320000	0
LG01	6320001	6340000	0.0123
LG01	6340001	6360000	0
LG01	6360001	6380000	0
LG01	6380001	6400000	0
LG01	6400001	6420000	0
LG01	6420001	6440000	0
LG01	6440001	6460000	0
LG01	6460001	6480000	0
LG01	6480001	6500000	0
LG01	6500001	6520000	0.0507
LG01	6520001	6540000	0
LG01	6540001	6560000	0.00325
LG01	6560001	6580000	0
LG01	6580001	6600000	0
LG01	6600001	6620000	0.0106
LG01	6620001	6640000	0
LG01	6640001	6660000	0
LG01	6660001	6680000	0
LG01	6680001	6700000	0.33955
LG01	6700001	6720000	0.759
LG01	6720001	6740000	0.4565
LG01	6740001	6760000	0.0873
LG01	6760001	6780000	0.00095
LG01	6780001	6800000	0.38605
LG01	6800001	6820000	0
LG01	6820001	6840000	0.0227
LG01	6840001	6860000	0.00415
LG01	6860001	6880000	0.36315
LG01	6880001	6900000	0.01445
LG01	6900001	6920000	0.01165
LG01	6920001	6940000	0.0288
LG01	6940001	6960000	0.0903
LG01	6960001	6980000	0.1091
LG01	6980001	7000000	0.25465
LG01	7000001	7020000	0.0078
LG01	7020001	7040000	0.00575
LG01	7040001	7060000	0
LG01	7060001	7080000	0.0133
LG01	7080001	7100000	0
LG01	7100001	7120000	0.14665
LG01	7120001	7140000	0.4353
LG01	7140001	7160000	0.76505
LG01	7160001	7180000	0.9999
LG01	7180001	7200000	0.99295
LG01	7200000	7237655	0.972195666029318
LG02	1	20000	0.14235
LG02	20001	40000	0
LG02	40001	60000	0.03575
LG02	60001	80000	0.3706
LG02	80001	100000	0.7325
LG02	100001	120000	0.29045
LG02	120001	140000	0.1502
LG02	140001	160000	0.33135
LG02	160001	180000	0.2233
LG02	180001	200000	0.00725
LG02	200001	220000	0
LG02	220001	240000	0
LG02	240001	260000	0
LG02	260001	280000	0
LG02	280001	300000	0
LG02	300001	320000	0.14825
LG02	320001	340000	0.2199
LG02	340001	360000	0.8819
LG02	360001	380000	0.4293
LG02	380001	400000	0
LG02	400001	420000	0.0299
LG02	420001	440000	0
LG02	440001	460000	0.01065
LG02	460001	480000	0.0053
LG02	480001	500000	0
LG02	500001	520000	0.01785
LG02	520001	540000	0.04525
LG02	540001	560000	0.65505
LG02	560001	580000	0.5748
LG02	580001	600000	0.0535
LG02	600001	620000	0
LG02	620001	640000	0
LG02	640001	660000	0.00495
LG02	660001	680000	0
LG02	680001	700000	0
LG02	700001	720000	0.02125
LG02	720001	740000	0.0166
LG02	740001	760000	0.65405
LG02	760001	780000	0
LG02	780001	800000	0
LG02	800001	820000	0
LG02	820001	840000	0
LG02	840001	860000	0
LG02	860001	880000	0.0014
LG02	880001	900000	0.0166
LG02	900001	920000	0
LG02	920001	940000	0
LG02	940001	960000	0
LG02	960001	980000	0
LG02	980001	1000000	0
LG02	1000001	1020000	0.01045
LG02	1020001	1040000	0.00605
LG02	1040001	1060000	0.00355
LG02	1060001	1080000	0
LG02	1080001	1100000	0.027
LG02	1100001	1120000	0.01825
LG02	1120001	1140000	0
LG02	1140001	1160000	0
LG02	1160001	1180000	0.02895
LG02	1180001	1200000	0.0107
LG02	1200001	1220000	0.0156
LG02	1220001	1240000	0.19265
LG02	1240001	1260000	0.3854
LG02	1260001	1280000	0.3151
LG02	1280001	1300000	0.23585
LG02	1300001	1320000	0.19305
LG02	1320001	1340000	0.4182
LG02	1340001	1360000	0.59755
LG02	1360001	1380000	0.77515
LG02	1380001	1400000	0.02025
LG02	1400001	1420000	0.00885
LG02	1420001	1440000	0.00995
LG02	1440001	1460000	0.0057
LG02	1460001	1480000	0.4968
LG02	1480001	1500000	0.1583
LG02	1500001	1520000	0.99985
LG02	1520001	1540000	0.50935
LG02	1540001	1560000	0.4484
LG02	1560001	1580000	0
LG02	1580001	1600000	0.00545
LG02	1600001	1620000	0.0058
LG02	1620001	1640000	0.51735
LG02	1640001	1660000	0.65105
LG02	1660001	1680000	0.3659
LG02	1680001	1700000	0.29175
LG02	1700001	1720000	0.547
LG02	1720001	1740000	0.3454
LG02	1740001	1760000	0.2073
LG02	1760001	1780000	0.32245
LG02	1780001	1800000	0.00125
LG02	1800001	1820000	0.03535
LG02	1820001	1840000	0.6035
LG02	1840001	1860000	0.87485
LG02	1860001	1880000	0.00355
LG02	1880001	1900000	0
LG02	1900001	1920000	0
LG02	1920001	1940000	0.3594
LG02	1940001	1960000	0.23325
LG02	1960001	1980000	0
LG02	1980001	2000000	0.01715
LG02	2000001	2020000	0.8414
LG02	2020001	2040000	0.1461
LG02	2040001	2060000	0.0059
LG02	2060001	2080000	0.00415
LG02	2080001	2100000	0.0493
LG02	2100000	2120000	0.152942352882356
LG03	1	20000	0.56125
LG03	20001	40000	0.0081
LG03	40001	60000	0.0324
LG03	60001	80000	0.521
LG03	80001	100000	0.23115
LG03	100001	120000	0.01905
LG03	120001	140000	0.02565
LG03	140001	160000	0.01335
LG03	160001	180000	0.06605
LG03	180001	200000	0.30745
LG03	200001	220000	0.38925
LG03	220001	240000	0.1557
LG03	240001	260000	0
LG03	260001	280000	0
LG03	280001	300000	0.05535
LG03	300001	320000	0.01325
LG03	320001	340000	0.05935
LG03	340001	360000	0.07785
LG03	360001	380000	0.02045
LG03	380001	400000	0
LG03	400001	420000	0.4979
LG03	420001	440000	0
LG03	440001	460000	0.1182
LG03	460001	480000	0
LG03	480001	500000	0.007
LG03	500001	520000	0
LG03	520001	540000	0
LG03	540001	560000	0.155
LG03	560001	580000	0
LG03	580001	600000	0
LG03	600001	620000	0.00565
LG03	620001	640000	0
LG03	640001	660000	0.3329
LG03	660001	680000	0.6324
LG03	680001	700000	0.9546
LG03	700001	720000	0.76355
LG03	720001	740000	0.8292
LG03	740001	760000	0.856
LG03	760001	780000	0.59585
LG03	780001	800000	0.2823
LG03	800001	820000	0.09185
LG03	820001	840000	0.01495
LG03	840001	860000	0.15835
LG03	860001	880000	0
LG03	880001	900000	0
LG03	900001	920000	0.00875
LG03	920001	940000	0
LG03	940001	960000	0
LG03	960001	980000	0
LG03	980001	1000000	0
LG03	1000001	1020000	0
LG03	1020001	1040000	0
LG03	1040001	1060000	0.0272
LG03	1060001	1080000	0.0033
LG03	1080001	1100000	0
LG03	1100001	1120000	0.0481
LG03	1120001	1140000	0.01895
LG03	1140001	1160000	0.4075
LG03	1160001	1180000	0.004
LG03	1180001	1200000	0.2971
LG03	1200000	1220000	0.649067546622669
LG04	1	20000	0.787
LG04	20001	40000	0.07305
LG04	40001	60000	0.76125
LG04	60001	80000	0.7265
LG04	80001	100000	0.33545
LG04	100001	120000	0.2734
LG04	120001	140000	0.46555
LG04	140001	160000	0.1958
LG04	160001	180000	0.0139
LG04	180001	200000	0
LG04	200001	220000	0.05375
LG04	220001	240000	0.1145
LG04	240001	260000	0.04575
LG04	260001	280000	0.3409
LG04	280001	300000	0.9999
LG04	300001	320000	0.9295
LG04	320001	340000	0.60665
LG04	340001	360000	0.8539
LG04	360001	380000	0.1343
LG04	380001	400000	0.1078
LG04	400001	420000	0.43075
LG04	420001	440000	0.5247
LG04	440001	460000	0.2021
LG04	460001	480000	0.52505
LG04	480001	500000	0.8307
LG04	500001	520000	0.5674
LG04	520001	540000	0.5334
LG04	540001	560000	0
LG04	560001	580000	0.00295
LG04	580001	600000	0.01205
LG04	600001	620000	0
LG04	620001	640000	0.0098
LG04	640001	660000	0.18285
LG04	660001	680000	0.2716
LG04	680001	700000	0.01345
LG04	700001	720000	0.69495
LG04	720001	740000	0.9262
LG04	740001	760000	0.1533
LG04	760001	780000	0
LG04	780001	800000	0
LG04	800001	820000	0
LG04	820001	840000	0
LG04	840001	860000	0.00195
LG04	860001	880000	0.00195
LG04	880001	900000	0
LG04	900001	920000	0
LG04	920001	940000	0.00175
LG04	940001	960000	0.0163
LG04	960001	980000	0
LG04	980001	1000000	0
LG04	1000001	1020000	0.00655
LG04	1020001	1040000	0.00675
LG04	1040001	1060000	0.01255
LG04	1060001	1080000	0.04155
LG04	1080001	1100000	0.0679
LG04	1100001	1120000	0.06195
LG04	1120001	1140000	0.51775
LG04	1140001	1160000	0.04945
LG04	1160001	1180000	0
LG04	1180001	1200000	0
LG04	1200001	1220000	0.0097
LG04	1220001	1240000	0
LG04	1240001	1260000	0
LG04	1260001	1280000	0.3561
LG04	1280001	1300000	0.06135
LG04	1300001	1320000	0
LG04	1320001	1340000	0.30375
LG04	1340001	1360000	0.712
LG04	1360001	1380000	0.85665
LG04	1380001	1400000	0
LG04	1400001	1420000	0.07855
LG04	1420001	1440000	0.0338
LG04	1440001	1460000	0.0099
LG04	1460001	1480000	0.01305
LG04	1480001	1500000	0.05985
LG04	1500001	1520000	0.18915
LG04	1520001	1540000	0.6602
LG04	1540001	1560000	0.01165
LG04	1560001	1580000	0.02755
LG04	1580001	1600000	0.5941
LG04	1600001	1620000	0.65275
LG04	1620001	1640000	0.6131
LG04	1640001	1660000	0.69205
LG04	1660001	1680000	0.9739
LG04	1680001	1700000	0.98315
LG04	1700001	1720000	0.79375
LG04	1720001	1740000	0.3416
LG04	1740001	1760000	0.3341
LG04	1760001	1780000	0.0288
LG04	1780001	1800000	0.0121
LG04	1800001	1820000	0
LG04	1820001	1840000	0.13725
LG04	1840001	1860000	0
LG04	1860001	1880000	0.5971
LG04	1880001	1900000	0.3472
LG04	1900001	1920000	0.85355
LG04	1920001	1940000	0.97225
LG04	1940001	1960000	0.8887
LG04	1960001	1980000	0.9955
LG04	1980001	2000000	0.43595
LG04	2000001	2020000	0.3121
LG04	2020001	2040000	0.16935
LG04	2040001	2060000	0.76605
LG04	2060001	2080000	0.4118
LG04	2080001	2100000	0.4494
LG04	2100001	2120000	0.2085
LG04	2120001	2140000	0.6353
LG04	2140001	2160000	0.0396
LG04	2160001	2180000	0.0005
LG04	2180001	2200000	0
LG04	2200001	2220000	0.7616
LG04	2220001	2240000	0.6096
LG04	2240001	2260000	0.0261
LG04	2260001	2280000	0.0276
LG04	2280001	2300000	0.06305
LG04	2300001	2320000	0.0087
LG04	2320001	2340000	0.06175
LG04	2340001	2360000	0.43725
LG04	2360001	2380000	0.42895
LG04	2380001	2400000	0.3372
LG04	2400001	2420000	0.3174
LG04	2420001	2440000	0.02035
LG04	2440001	2460000	0.3066
LG04	2460001	2480000	0.60085
LG04	2480001	2500000	0.08105
LG04	2500001	2520000	0.07985
LG04	2520001	2540000	0.63355
LG04	2540001	2560000	0.4647
LG04	2560001	2580000	0.7957
LG04	2580001	2600000	0.07635
LG04	2600001	2620000	0.0394
LG04	2620001	2640000	0.82725
LG04	2640001	2660000	0.86865
LG04	2660001	2680000	0.2069
LG04	2680001	2700000	0.23475
LG04	2700001	2720000	0.10225
LG04	2720001	2740000	0.0427
LG04	2740001	2760000	0.00295
LG04	2760001	2780000	0.0588
LG04	2780001	2800000	0.10055
LG04	2800001	2820000	0
LG04	2820001	2840000	0.0206
LG04	2840001	2860000	0.03645
LG04	2860001	2880000	0.17545
LG04	2880001	2900000	0.17975
LG04	2900001	2920000	0.7279
LG04	2920001	2940000	0.338
LG04	2940001	2960000	0.00105
LG04	2960001	2980000	0.1703
LG04	2980001	3000000	0.41845
LG04	3000001	3020000	0.01175
LG04	3020001	3040000	0.05105
LG04	3040001	3060000	0.75065
LG04	3060001	3080000	0.00935
LG04	3080001	3100000	0.1021
LG04	3100001	3120000	0.31545
LG04	3120001	3140000	0.2887
LG04	3140001	3160000	0.3756
LG04	3160001	3180000	0
LG04	3180001	3200000	0
LG04	3200001	3220000	0.0113
LG04	3220001	3240000	0.2601
LG04	3240001	3260000	0.08695
LG04	3260001	3280000	0.01565
LG04	3280001	3300000	0.0033
LG04	3300001	3320000	0
LG04	3320001	3340000	0
LG04	3340001	3360000	0.0047
LG04	3360001	3380000	0.01925
LG04	3380001	3400000	0
LG04	3400001	3420000	0
LG04	3420001	3440000	0.51075
LG04	3440001	3460000	0.03895
LG04	3460001	3480000	0
LG04	3480001	3500000	0
LG04	3500001	3520000	0
LG04	3520001	3540000	0
LG04	3540001	3560000	0.3034
LG04	3560001	3580000	0.89285
LG04	3580001	3600000	0.45325
LG04	3600001	3620000	0
LG04	3620001	3640000	0
LG04	3640001	3660000	0
LG04	3660001	3680000	0.2773
LG04	3680001	3700000	0.33985
LG04	3700001	3720000	0.0353
LG04	3720001	3740000	0
LG04	3740001	3760000	0.0775
LG04	3760001	3780000	0.0874
LG04	3780001	3800000	0.10525
LG04	3800001	3820000	0.4788
LG04	3820001	3840000	0
LG04	3840001	3860000	0.00065
LG04	3860001	3880000	0
LG04	3880001	3900000	0
LG04	3900001	3920000	0.00925
LG04	3920001	3940000	0
LG04	3940001	3960000	0.17265
LG04	3960001	3980000	0
LG04	3980001	4000000	0
LG04	4000001	4020000	0.03995
LG04	4020001	4040000	0.1477
LG04	4040001	4060000	0.259
LG04	4060001	4080000	0.0058
LG04	4080001	4100000	0
LG04	4100001	4120000	0.05515
LG04	4120001	4140000	0.0252
LG04	4140001	4160000	0.7352
LG04	4160001	4180000	0
LG04	4180001	4200000	0
LG04	4200001	4220000	0.25065
LG04	4220001	4240000	0
LG04	4240001	4260000	0
LG04	4260001	4280000	0
LG04	4280001	4300000	0
LG04	4300001	4320000	0.02435
LG04	4320001	4340000	0.4619
LG04	4340001	4360000	0.9034
LG04	4360001	4380000	0.6462
LG04	4380001	4400000	0.99985
LG04	4400001	4420000	0.5956
LG04	4420001	4440000	0.68235
LG04	4440001	4460000	0.9526
LG04	4460001	4480000	0.3482
LG04	4480001	4500000	0.0138
LG04	4500001	4520000	0.2398
LG04	4520001	4540000	0
LG04	4540001	4560000	0.1171
LG04	4560001	4580000	0
LG04	4580001	4600000	0.02365
LG04	4600001	4620000	0.47
LG04	4620001	4640000	0.29035
LG04	4640001	4660000	0
LG04	4660000	4695780	0.140717140381767
LG05	1	20000	0.05495
LG05	20001	40000	0.0281
LG05	40001	60000	0.09595
LG05	60001	80000	0.13775
LG05	80001	100000	0.01805
LG05	100001	120000	0.1226
LG05	120001	140000	0.4078
LG05	140001	160000	0.4208
LG05	160001	180000	0.97865
LG05	180001	200000	0.3727
LG05	200001	220000	0.48595
LG05	220001	240000	0.2205
LG05	240001	260000	0.57475
LG05	260001	280000	0.41
LG05	280001	300000	0.44365
LG05	300001	320000	0.02925
LG05	320001	340000	0.1333
LG05	340001	360000	0.632
LG05	360001	380000	0.6151
LG05	380001	400000	0.5417
LG05	400001	420000	0.5446
LG05	420001	440000	0.1306
LG05	440001	460000	0.03435
LG05	460001	480000	0.02995
LG05	480001	500000	0.0445
LG05	500001	520000	0.00525
LG05	520001	540000	0.5327
LG05	540001	560000	0.98865
LG05	560001	580000	0.625
LG05	580001	600000	0
LG05	600001	620000	0.146
LG05	620001	640000	0.1265
LG05	640001	660000	0.6668
LG05	660001	680000	0.4085
LG05	680001	700000	0.19355
LG05	700001	720000	0.3223
LG05	720001	740000	0.23835
LG05	740001	760000	0.04315
LG05	760001	780000	0.23515
LG05	780001	800000	0.00055
LG05	800001	820000	0.2626
LG05	820001	840000	0
LG05	840001	860000	0.8011
LG05	860001	880000	0.22865
LG05	880001	900000	0.06015
LG05	900001	920000	0.3024
LG05	920001	940000	0.54415
LG05	940001	960000	0.19725
LG05	960001	980000	0.8583
LG05	980001	1000000	0.24515
LG05	1000001	1020000	0
LG05	1020001	1040000	0
LG05	1040001	1060000	0
LG05	1060001	1080000	0
LG05	1080001	1100000	0
LG05	1100001	1120000	0.0784
LG05	1120001	1140000	0.75255
LG05	1140001	1160000	0.89765
LG05	1160001	1180000	0.5761
LG05	1180001	1200000	0
LG05	1200001	1220000	0.3716
LG05	1220001	1240000	0.11675
LG05	1240001	1260000	0
LG05	1260001	1280000	0
LG05	1280001	1300000	0.05145
LG05	1300001	1320000	0.1802
LG05	1320001	1340000	0
LG05	1340001	1360000	0
LG05	1360001	1380000	0
LG05	1380001	1400000	0
LG05	1400001	1420000	0.0043
LG05	1420001	1440000	0
LG05	1440001	1460000	0
LG05	1460001	1480000	0
LG05	1480001	1500000	0
LG05	1500001	1520000	0
LG05	1520001	1540000	0
LG05	1540001	1560000	0
LG05	1560001	1580000	0.0268
LG05	1580001	1600000	0
LG05	1600001	1620000	0
LG05	1620001	1640000	0
LG05	1640001	1660000	0
LG05	1660001	1680000	0.03795
LG05	1680001	1700000	0
LG05	1700001	1720000	0
LG05	1720001	1740000	0.01225
LG05	1740001	1760000	0.0184
LG05	1760001	1780000	0
LG05	1780001	1800000	0.00865
LG05	1800001	1820000	0
LG05	1820001	1840000	0
LG05	1840001	1860000	0
LG05	1860001	1880000	0
LG05	1880001	1900000	0
LG05	1900001	1920000	0.01045
LG05	1920001	1940000	0
LG05	1940001	1960000	0
LG05	1960001	1980000	0
LG05	1980001	2000000	0
LG05	2000001	2020000	0.3588
LG05	2020001	2040000	0.9999
LG05	2040001	2060000	0.432
LG05	2060001	2080000	0.53005
LG05	2080001	2100000	0.3095
LG05	2100001	2120000	0.70485
LG05	2120001	2140000	0.96695
LG05	2140001	2160000	0.9077
LG05	2160001	2180000	0
LG05	2180001	2200000	0
LG05	2200001	2220000	0
LG05	2220001	2240000	0
LG05	2240001	2260000	0
LG05	2260001	2280000	0.009
LG05	2280001	2300000	0
LG05	2300001	2320000	0.00595
LG05	2320001	2340000	0
LG05	2340001	2360000	0
LG05	2360001	2380000	0
LG05	2380001	2400000	0
LG05	2400001	2420000	0
LG05	2420001	2440000	0
LG05	2440001	2460000	0.01685
LG05	2460001	2480000	0
LG05	2480001	2500000	0
LG05	2500001	2520000	0
LG05	2520001	2540000	0
LG05	2540001	2560000	0.00235
LG05	2560001	2580000	0
LG05	2580001	2600000	0
LG05	2600001	2620000	0
LG05	2620001	2640000	0.0117
LG05	2640001	2660000	0
LG05	2660001	2680000	0
LG05	2680001	2700000	0
LG05	2700001	2720000	0
LG05	2720001	2740000	0
LG05	2740001	2760000	0
LG05	2760001	2780000	0
LG05	2780001	2800000	0
LG05	2800001	2820000	0
LG05	2820001	2840000	0
LG05	2840001	2860000	0
LG05	2860001	2880000	0
LG05	2880001	2900000	0
LG05	2900001	2920000	0
LG05	2920001	2940000	0.00855
LG05	2940001	2960000	0
LG05	2960001	2980000	0
LG05	2980001	3000000	0
LG05	3000001	3020000	0
LG05	3020001	3040000	0.01215
LG05	3040001	3060000	0
LG05	3060001	3080000	0
LG05	3080001	3100000	0.37845
LG05	3100001	3120000	0.25235
LG05	3120001	3140000	0.01695
LG05	3140001	3160000	0.28855
LG05	3160001	3180000	0
LG05	3180001	3200000	0.0322
LG05	3200001	3220000	0
LG05	3220001	3240000	0.31735
LG05	3240001	3260000	0.4483
LG05	3260001	3280000	0.0412
LG05	3280001	3300000	0.0269
LG05	3300001	3320000	0
LG05	3320000	3350774	0.02268074735987
LG06	1	20000	0.02295
LG06	20001	40000	0.03635
LG06	40001	60000	0.33325
LG06	60001	80000	0.14405
LG06	80001	100000	0.2622
LG06	100001	120000	0.1126
LG06	120001	140000	0.29535
LG06	140001	160000	0.5002
LG06	160001	180000	0.2447
LG06	180001	200000	0.33845
LG06	200001	220000	0.78955
LG06	220001	240000	0.60175
LG06	240001	260000	0.00885
LG06	260001	280000	0
LG06	280001	300000	0.22095
LG06	300001	320000	0.0205
LG06	320001	340000	0.0745
LG06	340001	360000	0.3392
LG06	360001	380000	0.0129
LG06	380001	400000	0.08005
LG06	400001	420000	0.684
LG06	420001	440000	0.06845
LG06	440001	460000	0.18525
LG06	460001	480000	0.0392
LG06	480001	500000	0.06175
LG06	500001	520000	0.2158
LG06	520001	540000	0.9999
LG06	540001	560000	0.77385
LG06	560001	580000	0.45335
LG06	580001	600000	0
LG06	600001	620000	0.2606
LG06	620001	640000	0.89185
LG06	640001	660000	0.0123
LG06	660001	680000	0.02335
LG06	680001	700000	0.08135
LG06	700001	720000	0.1522
LG06	720001	740000	0.89015
LG06	740001	760000	0.30605
LG06	760001	780000	0.04165
LG06	780001	800000	0.012
LG06	800001	820000	0.0218
LG06	820001	840000	0.04895
LG06	840001	860000	0
LG06	860001	880000	0.0813
LG06	880001	900000	0.6592
LG06	900001	920000	0.0237
LG06	920001	940000	0.0928
LG06	940001	960000	0
LG06	960001	980000	0
LG06	980001	1000000	0
LG06	1000001	1020000	0
LG06	1020001	1040000	0
LG06	1040001	1060000	0.10755
LG06	1060001	1080000	0.21915
LG06	1080001	1100000	0.03885
LG06	1100001	1120000	0
LG06	1120001	1140000	0.30195
LG06	1140001	1160000	0.3446
LG06	1160001	1180000	0.8017
LG06	1180001	1200000	0.67585
LG06	1200001	1220000	0.6951
LG06	1220001	1240000	0.05645
LG06	1240001	1260000	0.3845
LG06	1260001	1280000	0.0321
LG06	1280001	1300000	0
LG06	1300001	1320000	0
LG06	1320001	1340000	0.5186
LG06	1340001	1360000	0.04395
LG06	1360001	1380000	0.0087
LG06	1380001	1400000	0
LG06	1400001	1420000	0
LG06	1420001	1440000	0
LG06	1440001	1460000	0.5146
LG06	1460001	1480000	0.011
LG06	1480001	1500000	0
LG06	1500001	1520000	0.00475
LG06	1520001	1540000	0.0107
LG06	1540001	1560000	0
LG06	1560001	1580000	0
LG06	1580001	1600000	0
LG06	1600001	1620000	0.0402
LG06	1620001	1640000	0
LG06	1640001	1660000	0.29105
LG06	1660001	1680000	0
LG06	1680001	1700000	0
LG06	1700001	1720000	0
LG06	1720001	1740000	0.80005
LG06	1740001	1760000	0.04335
LG06	1760001	1780000	0.0472
LG06	1780001	1800000	0
LG06	1800001	1820000	0
LG06	1820001	1840000	0
LG06	1840001	1860000	0.0107
LG06	1860001	1880000	0
LG06	1880001	1900000	0
LG06	1900001	1920000	0.0106
LG06	1920001	1940000	0.2099
LG06	1940001	1960000	0.80255
LG06	1960001	1980000	0.03705
LG06	1980001	2000000	0.02245
LG06	2000001	2020000	0.02625
LG06	2020001	2040000	0
LG06	2040001	2060000	0.15825
LG06	2060001	2080000	0.00995
LG06	2080001	2100000	0.7692
LG06	2100001	2120000	0.88985
LG06	2120001	2140000	0.47505
LG06	2140001	2160000	0.1499
LG06	2160001	2180000	0.46175
LG06	2180001	2200000	0.90665
LG06	2200001	2220000	0.74875
LG06	2220001	2240000	0.8164
LG06	2240001	2260000	0.29805
LG06	2260001	2280000	0.4024
LG06	2280001	2300000	0.3572
LG06	2300001	2320000	0
LG06	2320001	2340000	0
LG06	2340001	2360000	0
LG06	2360001	2380000	0.0243
LG06	2380001	2400000	0.00445
LG06	2400001	2420000	0.01445
LG06	2420001	2440000	0.17015
LG06	2440001	2460000	0.3853
LG06	2460001	2480000	0.57145
LG06	2480001	2500000	0.132
LG06	2500001	2520000	0.4568
LG06	2520001	2540000	0.1804
LG06	2540001	2560000	0.08485
LG06	2560001	2580000	0.1065
LG06	2580001	2600000	0.1297
LG06	2600001	2620000	0.142
LG06	2620001	2640000	0.65515
LG06	2640001	2660000	0.74785
LG06	2660001	2680000	0.1399
LG06	2680001	2700000	0.6556
LG06	2700001	2720000	0.09885
LG06	2720001	2740000	0.88745
LG06	2740001	2760000	0.1258
LG06	2760001	2780000	0.021
LG06	2780001	2800000	0.0144
LG06	2800001	2820000	0.0048
LG06	2820001	2840000	0.20625
LG06	2840001	2860000	0.3937
LG06	2860001	2880000	0.2505
LG06	2880001	2900000	0.0208
LG06	2900001	2920000	0.27105
LG06	2920001	2940000	0
LG06	2940001	2960000	0.05115
LG06	2960001	2980000	0
LG06	2980001	3000000	0
LG06	3000001	3020000	0.00325
LG06	3020001	3040000	0
LG06	3040001	3060000	0.0512
LG06	3060001	3080000	0.05635
LG06	3080001	3100000	0
LG06	3100001	3120000	0.05435
LG06	3120001	3140000	0
LG06	3140001	3160000	0.0481
LG06	3160001	3180000	0.0698
LG06	3180001	3200000	0.0275
LG06	3200001	3220000	0.0439
LG06	3220001	3240000	0.0659
LG06	3240001	3260000	0.01555
LG06	3260001	3280000	0.06285
LG06	3280001	3300000	0.00665
LG06	3300001	3320000	0
LG06	3320001	3340000	0.0781
LG06	3340001	3360000	0
LG06	3360001	3380000	0
LG06	3380001	3400000	0
LG06	3400001	3420000	0
LG06	3420001	3440000	0.08825
LG06	3440001	3460000	0.0153
LG06	3460001	3480000	0.4956
LG06	3480001	3500000	0.80405
LG06	3500001	3520000	0.4347
LG06	3520001	3540000	0.9998
LG06	3540001	3560000	0.228
LG06	3560001	3580000	0.78355
LG06	3580001	3600000	0.06555
LG06	3600001	3620000	0
LG06	3620001	3640000	0.0068
LG06	3640001	3660000	0.3293
LG06	3660001	3680000	0
LG06	3680001	3700000	0
LG06	3700001	3720000	0
LG06	3720001	3740000	0.00235
LG06	3740001	3760000	0
LG06	3760001	3780000	0
LG06	3780001	3800000	0
LG06	3800001	3820000	0.0279
LG06	3820001	3840000	0
LG06	3840001	3860000	0.00255
LG06	3860001	3880000	0
LG06	3880001	3900000	0
LG06	3900001	3920000	0
LG06	3920001	3940000	0
LG06	3940001	3960000	0.07535
LG06	3960001	3980000	0.2686
LG06	3980001	4000000	0.0902
LG06	4000001	4020000	0.00455
LG06	4020001	4040000	0
LG06	4040001	4060000	0
LG06	4060001	4080000	0.0156
LG06	4080001	4100000	0.41765
LG06	4100001	4120000	0.13485
LG06	4120001	4140000	0.00315
LG06	4140001	4160000	0.4213
LG06	4160001	4180000	0.96525
LG06	4180001	4200000	0.70915
LG06	4200001	4220000	0
LG06	4220001	4240000	0
LG06	4240001	4260000	0.27755
LG06	4260001	4280000	0
LG06	4280001	4300000	0
LG06	4300001	4320000	0.0056
LG06	4320001	4340000	0.0294
LG06	4340001	4360000	0.05755
LG06	4360001	4380000	0.2161
LG06	4380001	4400000	0.9441
LG06	4400001	4420000	0.5605
LG06	4420001	4440000	0.06695
LG06	4440001	4460000	0.20665
LG06	4460001	4480000	0.24895
LG06	4480001	4500000	0.00265
LG06	4500001	4520000	0.0305
LG06	4520001	4540000	0.61175
LG06	4540001	4560000	0.8437
LG06	4560001	4580000	0
LG06	4580001	4600000	0.07545
LG06	4600001	4620000	0.4327
LG06	4620001	4640000	0.50025
LG06	4640001	4660000	0.0896
LG06	4660001	4680000	0
LG06	4680001	4700000	0.0126
LG06	4700001	4720000	0.85815
LG06	4720001	4740000	0.1853
LG06	4740001	4760000	0.49745
LG06	4760001	4780000	0.26045
LG06	4780001	4800000	0.0165
LG06	4800001	4820000	0.0923
LG06	4820001	4840000	0.892
LG06	4840001	4860000	0.87725
LG06	4860001	4880000	0.04575
LG06	4880001	4900000	0.14345
LG06	4900001	4920000	0.1005
LG06	4920001	4940000	0.03015
LG06	4940001	4960000	0.0394
LG06	4960001	4980000	0.603
LG06	4980001	5000000	0.4897
LG06	5000001	5020000	0.09065
LG06	5020001	5040000	0.4987
LG06	5040001	5060000	0.7408
LG06	5060001	5080000	0.47785
LG06	5080001	5100000	0.49085
LG06	5100001	5120000	0.4553
LG06	5120001	5140000	0
LG06	5140001	5160000	0.0096
LG06	5160001	5180000	0.37415
LG06	5180001	5200000	0.5354
LG06	5200001	5220000	0.8458
LG06	5220001	5240000	0.8711
LG06	5240001	5260000	0.0609
LG06	5260001	5280000	0
LG06	5280001	5300000	0
LG06	5300001	5320000	0.10355
LG06	5320001	5340000	0.33845
LG06	5340001	5360000	0.31605
LG06	5360001	5380000	0.19505
LG06	5380001	5400000	0.6575
LG06	5400001	5420000	0.48505
LG06	5420001	5440000	0.3269
LG06	5440001	5460000	0.9999
LG06	5460001	5480000	0.7748
LG06	5480001	5500000	0.4497
LG06	5500001	5520000	0.0304
LG06	5520001	5540000	0
LG06	5540001	5560000	0
LG06	5560001	5580000	0.01025
LG06	5580001	5600000	0
LG06	5600001	5620000	0.2709
LG06	5620001	5640000	0
LG06	5640001	5660000	0
LG06	5660001	5680000	0.5979
LG06	5680001	5700000	0.174
LG06	5700001	5720000	0.04395
LG06	5720001	5740000	0.10165
LG06	5740001	5760000	0
LG06	5760001	5780000	0
LG06	5780001	5800000	0.00265
LG06	5800001	5820000	0.3504
LG06	5820001	5840000	0.03425
LG06	5840001	5860000	0.00355
LG06	5860001	5880000	0
LG06	5880001	5900000	0
LG06	5900001	5920000	0
LG06	5920001	5940000	0.004
LG06	5940001	5960000	0
LG06	5960001	5980000	0
LG06	5980001	6000000	0.0377
LG06	6000001	6020000	0
LG06	6020001	6040000	0
LG06	6040001	6060000	0.32265
LG06	6060001	6080000	0.00335
LG06	6080001	6100000	0
LG06	6100001	6120000	0
LG06	6120001	6140000	0.0047
LG06	6140001	6160000	0
LG06	6160001	6180000	0
LG06	6180001	6200000	0
LG06	6200001	6220000	0
LG06	6220001	6240000	0.0282
LG06	6240001	6260000	0.04585
LG06	6260001	6280000	0.0124
LG06	6280001	6300000	0
LG06	6300001	6320000	0.01
LG06	6320001	6340000	0.0056
LG06	6340001	6360000	0.0306
LG06	6360001	6380000	0.0043
LG06	6380001	6400000	0
LG06	6400001	6420000	0
LG06	6420001	6440000	0
LG06	6440001	6460000	0.014
LG06	6460001	6480000	0
LG06	6480001	6500000	0.0384
LG06	6500001	6520000	0.46635
LG06	6520001	6540000	0.2566
LG06	6540001	6560000	0.1067
LG06	6560001	6580000	0.00575
LG06	6580001	6600000	0.56975
LG06	6600001	6620000	0.5451
LG06	6620001	6640000	0.94045
LG06	6640001	6660000	0.1289
LG06	6660001	6680000	0
LG06	6680001	6700000	0
LG06	6700001	6720000	0.2208
LG06	6720001	6740000	0.84515
LG06	6740001	6760000	0.7393
LG06	6760001	6780000	0.15755
LG06	6780001	6800000	0.04515
LG06	6800001	6820000	0
LG06	6820001	6840000	0.0713
LG06	6840001	6860000	0
LG06	6860001	6880000	0.0639
LG06	6880001	6900000	0
LG06	6900001	6920000	0.3624
LG06	6920001	6940000	0.0377
LG06	6940001	6960000	0.10965
LG06	6960000	6996615	0.0543751365523268
LG07	1	20000	0.03855
LG07	20001	40000	0.69045
LG07	40001	60000	0.3504
LG07	60001	80000	0.12035
LG07	80001	100000	0.57075
LG07	100001	120000	0.01455
LG07	120001	140000	0.00445
LG07	140001	160000	0.05185
LG07	160001	180000	0.3756
LG07	180001	200000	0.30635
LG07	200001	220000	0.6838
LG07	220001	240000	0.8908
LG07	240001	260000	0.99995
LG07	260001	280000	0.79805
LG07	280001	300000	0.4064
LG07	300001	320000	0
LG07	320001	340000	0.56955
LG07	340001	360000	0.01815
LG07	360001	380000	0.08035
LG07	380001	400000	0.10475
LG07	400001	420000	0.064
LG07	420001	440000	0.29
LG07	440001	460000	0.37465
LG07	460001	480000	0.0158
LG07	480001	500000	0
LG07	500001	520000	0.00595
LG07	520001	540000	0.0171
LG07	540001	560000	0
LG07	560001	580000	0
LG07	580001	600000	0
LG07	600001	620000	0.3914
LG07	620001	640000	0.45275
LG07	640001	660000	0.0609
LG07	660001	680000	0.0114
LG07	680001	700000	0.00385
LG07	700001	720000	0.03905
LG07	720001	740000	0.70135
LG07	740001	760000	0.0694
LG07	760001	780000	0.1422
LG07	780001	800000	0.42135
LG07	800001	820000	0.2952
LG07	820001	840000	0
LG07	840001	860000	0
LG07	860001	880000	0
LG07	880001	900000	0.0103
LG07	900001	920000	0
LG07	920001	940000	0.39385
LG07	940001	960000	0.45475
LG07	960001	980000	0.00265
LG07	980001	1000000	0
LG07	1000001	1020000	0
LG07	1020001	1040000	0
LG07	1040001	1060000	0
LG07	1060001	1080000	0
LG07	1080001	1100000	0
LG07	1100001	1120000	0
LG07	1120001	1140000	0
LG07	1140001	1160000	0
LG07	1160001	1180000	0
LG07	1180001	1200000	0
LG07	1200001	1220000	0
LG07	1220001	1240000	0
LG07	1240001	1260000	0
LG07	1260001	1280000	0
LG07	1280001	1300000	0
LG07	1300001	1320000	0.004
LG07	1320001	1340000	0
LG07	1340001	1360000	0
LG07	1360001	1380000	0
LG07	1380001	1400000	0
LG07	1400001	1420000	0
LG07	1420001	1440000	0
LG07	1440001	1460000	0
LG07	1460001	1480000	0
LG07	1480001	1500000	0
LG07	1500001	1520000	0
LG07	1520001	1540000	0
LG07	1540001	1560000	0
LG07	1560001	1580000	0
LG07	1580001	1600000	0.02655
LG07	1600001	1620000	0
LG07	1620001	1640000	0
LG07	1640001	1660000	0
LG07	1660001	1680000	0
LG07	1680001	1700000	0
LG07	1700001	1720000	0
LG07	1720001	1740000	0
LG07	1740001	1760000	0
LG07	1760001	1780000	0
LG07	1780001	1800000	0
LG07	1800001	1820000	0
LG07	1820001	1840000	0
LG07	1840001	1860000	0
LG07	1860001	1880000	0
LG07	1880001	1900000	0
LG07	1900001	1920000	0.0115
LG07	1920001	1940000	0.00725
LG07	1940001	1960000	0
LG07	1960001	1980000	0
LG07	1980001	2000000	0
LG07	2000001	2020000	0
LG07	2020001	2040000	0.0933
LG07	2040001	2060000	0
LG07	2060001	2080000	0.1161
LG07	2080001	2100000	0.23785
LG07	2100001	2120000	0
LG07	2120001	2140000	0
LG07	2140001	2160000	0.0057
LG07	2160001	2180000	0
LG07	2180001	2200000	0.0603
LG07	2200001	2220000	0
LG07	2220001	2240000	0
LG07	2240001	2260000	0
LG07	2260001	2280000	0
LG07	2280001	2300000	0.0491
LG07	2300001	2320000	0.1843
LG07	2320001	2340000	0.24835
LG07	2340001	2360000	0.0551
LG07	2360001	2380000	0.003
LG07	2380001	2400000	0.1075
LG07	2400001	2420000	0.579
LG07	2420001	2440000	0.6478
LG07	2440001	2460000	0.08985
LG07	2460001	2480000	0.03315
LG07	2480001	2500000	0.0112
LG07	2500001	2520000	0.1034
LG07	2520001	2540000	0
LG07	2540000	2570884	0.0650801359883439
LG08	1	20000	0.2994
LG08	20001	40000	0.22925
LG08	40001	60000	0.18445
LG08	60001	80000	0.2174
LG08	80001	100000	0.1688
LG08	100001	120000	0.15285
LG08	120001	140000	0.25675
LG08	140001	160000	0.2496
LG08	160001	180000	0.08285
LG08	180001	200000	0.11705
LG08	200001	220000	0.14245
LG08	220001	240000	0.18515
LG08	240001	260000	0.14225
LG08	260001	280000	0.34105
LG08	280001	300000	0.17685
LG08	300001	320000	0.27915
LG08	320001	340000	0.23125
LG08	340001	360000	0.83775
LG08	360001	380000	0.9943
LG08	380001	400000	0.219
LG08	400001	420000	0.65095
LG08	420001	440000	0
LG08	440001	460000	0.31985
LG08	460001	480000	0.6006
LG08	480001	500000	0.7016
LG08	500001	520000	0.9948
LG08	520001	540000	0.9949
LG08	540001	560000	0.99995
LG08	560001	580000	0.99485
LG08	580001	600000	0.99415
LG08	600001	620000	0.83285
LG08	620001	640000	0.49855
LG08	640001	660000	0.99995
LG08	660001	680000	0.9949
LG08	680001	700000	0.99995
LG08	700001	720000	0.99485
LG08	720001	740000	0.9947
LG08	740001	760000	0.99415
LG08	760001	780000	0.9944
LG08	780001	800000	0.9944
LG08	800001	820000	0.56695
LG08	820001	840000	0.99485
LG08	840001	860000	0.4288
LG08	860001	880000	0.48925
LG08	880001	900000	0.75105
LG08	900001	920000	0.56255
LG08	920001	940000	0.56615
LG08	940001	960000	0.36595
LG08	960001	980000	0.6613
LG08	980001	1000000	0.7268
LG08	1000001	1020000	0.0118
LG08	1020001	1040000	0
LG08	1040001	1060000	0.06605
LG08	1060001	1080000	0.02845
LG08	1080001	1100000	0.0044
LG08	1100001	1120000	0.0126
LG08	1120001	1140000	0.09975
LG08	1140001	1160000	0.20345
LG08	1160001	1180000	0
LG08	1180001	1200000	0
LG08	1200001	1220000	0
LG08	1220001	1240000	0.08115
LG08	1240001	1260000	0.09655
LG08	1260001	1280000	0.02555
LG08	1280001	1300000	0.0481
LG08	1300001	1320000	0
LG08	1320001	1340000	0
LG08	1340001	1360000	0.02645
LG08	1360001	1380000	0.00245
LG08	1380001	1400000	0.00995
LG08	1400001	1420000	0
LG08	1420001	1440000	0
LG08	1440001	1460000	0
LG08	1460001	1480000	0
LG08	1480001	1500000	0
LG08	1500001	1520000	0.00175
LG08	1520001	1540000	0
LG08	1540001	1560000	0
LG08	1560001	1580000	0
LG08	1580001	1600000	0.011
LG08	1600001	1620000	0.01145
LG08	1620001	1640000	0
LG08	1640001	1660000	0.0174
LG08	1660001	1680000	0.1263
LG08	1680001	1700000	0.85025
LG08	1700001	1720000	0.69885
LG08	1720001	1740000	0.16525
LG08	1740001	1760000	0.17935
LG08	1760001	1780000	0.28075
LG08	1780001	1800000	0.2149
LG08	1800001	1820000	0.00435
LG08	1820001	1840000	0.00935
LG08	1840001	1860000	0
LG08	1860001	1880000	0
LG08	1880001	1900000	0.08385
LG08	1900001	1920000	0.63585
LG08	1920001	1940000	0.28215
LG08	1940001	1960000	0.4921
LG08	1960001	1980000	0.85225
LG08	1980001	2000000	0.65845
LG08	2000001	2020000	0.049
LG08	2020001	2040000	0.53165
LG08	2040001	2060000	0.6043
LG08	2060001	2080000	0.07415
LG08	2080001	2100000	0.27615
LG08	2100001	2120000	0.05495
LG08	2120001	2140000	0.0258
LG08	2140001	2160000	0.01195
LG08	2160001	2180000	0.78935
LG08	2180001	2200000	0.3044
LG08	2200001	2220000	0.0131
LG08	2220001	2240000	0.0342
LG08	2240001	2260000	0.06115
LG08	2260001	2280000	0.1142
LG08	2280001	2300000	0.00935
LG08	2300001	2320000	0.03455
LG08	2320001	2340000	0.14505
LG08	2340001	2360000	0.63575
LG08	2360001	2380000	0.01365
LG08	2380001	2400000	0.02185
LG08	2400001	2420000	0.0982
LG08	2420001	2440000	0.3431
LG08	2440001	2460000	0.02055
LG08	2460001	2480000	0.0835
LG08	2480001	2500000	0.16315
LG08	2500001	2520000	0.1047
LG08	2520001	2540000	0.68305
LG08	2540001	2560000	0.0197
LG08	2560001	2580000	0.492
LG08	2580001	2600000	0
LG08	2600001	2620000	0
LG08	2620001	2640000	0
LG08	2640001	2660000	0.4659
LG08	2660001	2680000	0.7246
LG08	2680001	2700000	0.06425
LG08	2700001	2720000	0.0517
LG08	2720001	2740000	0.26305
LG08	2740001	2760000	0.15835
LG08	2760001	2780000	0.7257
LG08	2780001	2800000	0.00535
LG08	2800001	2820000	0
LG08	2820001	2840000	0.3443
LG08	2840001	2860000	0.14885
LG08	2860001	2880000	0.59095
LG08	2880001	2900000	0.74065
LG08	2900001	2920000	0.3184
LG08	2920001	2940000	0.2986
LG08	2940001	2960000	0.35115
LG08	2960001	2980000	0.43465
LG08	2980001	3000000	0.39425
LG08	3000001	3020000	0.94225
LG08	3020001	3040000	0.2547
LG08	3040001	3060000	0.0379
LG08	3060001	3080000	0
LG08	3080001	3100000	0.14835
LG08	3100001	3120000	0.0638
LG08	3120001	3140000	0.08115
LG08	3140001	3160000	0.05565
LG08	3160001	3180000	0.42085
LG08	3180001	3200000	0.4327
LG08	3200001	3220000	0.70705
LG08	3220001	3240000	0.083
LG08	3240001	3260000	0.7347
LG08	3260001	3280000	0
LG08	3280001	3300000	0
LG08	3300001	3320000	0.0489
LG08	3320001	3340000	0.03195
LG08	3340001	3360000	0.6301
LG08	3360001	3380000	0.81
LG08	3380001	3400000	0.04745
LG08	3400001	3420000	0.63995
LG08	3420001	3440000	0.49365
LG08	3440001	3460000	0.49725
LG08	3460001	3480000	0.5305
LG08	3480001	3500000	0.18025
LG08	3500001	3520000	0.627
LG08	3520001	3540000	0.15685
LG08	3540001	3560000	0
LG08	3560001	3580000	0.4737
LG08	3580001	3600000	0.5509
LG08	3600001	3620000	0.67185
LG08	3620001	3640000	0.31505
LG08	3640001	3660000	0
LG08	3660001	3680000	0
LG08	3680001	3700000	0.01055
LG08	3700001	3720000	0.0198
LG08	3720001	3740000	0.2858
LG08	3740001	3760000	0.9312
LG08	3760001	3780000	0.59735
LG08	3780001	3800000	0
LG08	3800001	3820000	0
LG08	3820001	3840000	0.01955
LG08	3840001	3860000	0.2002
LG08	3860001	3880000	0.36485
LG08	3880001	3900000	0.5789
LG08	3900001	3920000	0.5198
LG08	3920001	3940000	0.4976
LG08	3940001	3960000	0.1523
LG08	3960001	3980000	0.35465
LG08	3980001	4000000	0.41395
LG08	4000001	4020000	0.18035
LG08	4020001	4040000	0.93795
LG08	4040001	4060000	0.75995
LG08	4060001	4080000	0.9073
LG08	4080001	4100000	0.4057
LG08	4100001	4120000	0.4507
LG08	4120001	4140000	0.52895
LG08	4140001	4160000	0.012
LG08	4160001	4180000	0.00235
LG08	4180001	4200000	0.03315
LG08	4200001	4220000	0.2647
LG08	4220001	4240000	0.53325
LG08	4240001	4260000	0.5921
LG08	4260001	4280000	0.6154
LG08	4280001	4300000	0.08855
LG08	4300001	4320000	0.02685
LG08	4320001	4340000	0.084
LG08	4340001	4360000	0.73175
LG08	4360001	4380000	0.6811
LG08	4380001	4400000	0.2932
LG08	4400001	4420000	0.30615
LG08	4420001	4440000	0.17575
LG08	4440001	4460000	0.1571
LG08	4460001	4480000	0
LG08	4480001	4500000	0.7662
LG08	4500001	4520000	0.6735
LG08	4520001	4540000	0.31545
LG08	4540001	4560000	0.2992
LG08	4560001	4580000	0.03675
LG08	4580001	4600000	0
LG08	4600001	4620000	0.1342
LG08	4620001	4640000	0.7972
LG08	4640001	4660000	0.44965
LG08	4660001	4680000	0.39985
LG08	4680000	4716897	0.313377418830289
LG09	1	20000	0.24615
LG09	20001	40000	0.0358
LG09	40001	60000	0.0255
LG09	60001	80000	0.28745
LG09	80001	100000	0.44375
LG09	100001	120000	0.20325
LG09	120001	140000	0.37705
LG09	140001	160000	0.62745
LG09	160001	180000	0.614
LG09	180001	200000	0.31475
LG09	200001	220000	0.25565
LG09	220001	240000	0.20595
LG09	240001	260000	0.0015
LG09	260001	280000	0.03205
LG09	280001	300000	0.12555
LG09	300001	320000	0.8088
LG09	320001	340000	0.5453
LG09	340001	360000	0.3702
LG09	360001	380000	0.60545
LG09	380001	400000	0.9618
LG09	400001	420000	0.2997
LG09	420001	440000	0.5598
LG09	440001	460000	0.6971
LG09	460001	480000	0
LG09	480001	500000	0.01015
LG09	500001	520000	0
LG09	520001	540000	0.01325
LG09	540001	560000	0.0976
LG09	560001	580000	0.22135
LG09	580001	600000	0
LG09	600001	620000	0.0157
LG09	620001	640000	0.00305
LG09	640001	660000	0
LG09	660001	680000	0
LG09	680001	700000	0.5588
LG09	700001	720000	0.58715
LG09	720001	740000	0
LG09	740001	760000	0
LG09	760001	780000	0
LG09	780001	800000	0
LG09	800001	820000	0.0316
LG09	820001	840000	0
LG09	840001	860000	0
LG09	860001	880000	0
LG09	880001	900000	0
LG09	900001	920000	0
LG09	920001	940000	0
LG09	940001	960000	0
LG09	960001	980000	0
LG09	980001	1000000	0
LG09	1000001	1020000	0
LG09	1020001	1040000	0
LG09	1040001	1060000	0
LG09	1060001	1080000	0
LG09	1080001	1100000	0
LG09	1100001	1120000	0.0229
LG09	1120001	1140000	0
LG09	1140001	1160000	0
LG09	1160001	1180000	0
LG09	1180001	1200000	0
LG09	1200001	1220000	0
LG09	1220001	1240000	0
LG09	1240001	1260000	0
LG09	1260001	1280000	0
LG09	1280001	1300000	0
LG09	1300001	1320000	0
LG09	1320001	1340000	0
LG09	1340001	1360000	0
LG09	1360001	1380000	0
LG09	1380001	1400000	0
LG09	1400001	1420000	0
LG09	1420001	1440000	0
LG09	1440001	1460000	0
LG09	1460001	1480000	0
LG09	1480001	1500000	0
LG09	1500001	1520000	0
LG09	1520001	1540000	0
LG09	1540001	1560000	0
LG09	1560001	1580000	0
LG09	1580001	1600000	0
LG09	1600001	1620000	0
LG09	1620001	1640000	0
LG09	1640001	1660000	0
LG09	1660001	1680000	0.00985
LG09	1680001	1700000	0
LG09	1700001	1720000	0
LG09	1720001	1740000	0.56005
LG09	1740001	1760000	0.57145
LG09	1760001	1780000	0.31645
LG09	1780001	1800000	0.25575
LG09	1800001	1820000	0.98605
LG09	1820001	1840000	0.7925
LG09	1840001	1860000	0
LG09	1860001	1880000	0
LG09	1880001	1900000	0.01635
LG09	1900001	1920000	0
LG09	1920001	1940000	0.0262
LG09	1940001	1960000	0
LG09	1960001	1980000	0.11235
LG09	1980001	2000000	0.88185
LG09	2000001	2020000	0.00315
LG09	2020001	2040000	0
LG09	2040001	2060000	0
LG09	2060001	2080000	0
LG09	2080001	2100000	0
LG09	2100001	2120000	0.31775
LG09	2120001	2140000	0
LG09	2140001	2160000	0.10375
LG09	2160001	2180000	0
LG09	2180001	2200000	0
LG09	2200001	2220000	0.0024
LG09	2220001	2240000	0
LG09	2240001	2260000	0
LG09	2260001	2280000	0.016
LG09	2280001	2300000	0.0902
LG09	2300001	2320000	0
LG09	2320001	2340000	0
LG09	2340001	2360000	0.0151
LG09	2360001	2380000	0.0266
LG09	2380001	2400000	0.0035
LG09	2400001	2420000	0
LG09	2420001	2440000	0.15225
LG09	2440001	2460000	0.5017
LG09	2460001	2480000	0
LG09	2480001	2500000	0.02405
LG09	2500001	2520000	0.09085
LG09	2520001	2540000	0
LG09	2540001	2560000	0.35035
LG09	2560001	2580000	0.9933
LG09	2580001	2600000	0.09605
LG09	2600001	2620000	0.36865
LG09	2620001	2640000	0.55045
LG09	2640001	2660000	0.6368
LG09	2660001	2680000	0.44795
LG09	2680001	2700000	0.99935
LG09	2700001	2720000	0.9983
LG09	2720001	2740000	0.7896
LG09	2740001	2760000	0.5334
LG09	2760001	2780000	0.54555
LG09	2780001	2800000	0
LG09	2800001	2820000	0.0475
LG09	2820001	2840000	0.79075
LG09	2840001	2860000	0.86945
LG09	2860001	2880000	0.1393
LG09	2880001	2900000	0.51805
LG09	2900001	2920000	0
LG09	2920001	2940000	0.05165
LG09	2940000	2975832	0.223453241425502
LG10	1	20000	0
LG10	20001	40000	0.06855
LG10	40001	60000	0.3545
LG10	60001	80000	0.58585
LG10	80001	100000	0.27015
LG10	100001	120000	0.42595
LG10	120001	140000	0.17975
LG10	140001	160000	0.95825
LG10	160001	180000	0.35185
LG10	180001	200000	0.3276
LG10	200001	220000	0.17055
LG10	220001	240000	0.3735
LG10	240001	260000	0.2527
LG10	260001	280000	0
LG10	280001	300000	0.12025
LG10	300001	320000	0.946
LG10	320001	340000	0.77295
LG10	340001	360000	0.09425
LG10	360001	380000	0.32075
LG10	380001	400000	0.92635
LG10	400001	420000	0.2195
LG10	420001	440000	0.53235
LG10	440001	460000	0.64865
LG10	460001	480000	0.92635
LG10	480001	500000	0.4085
LG10	500001	520000	0.21235
LG10	520001	540000	0.0029
LG10	540001	560000	0.06225
LG10	560001	580000	0
LG10	580001	600000	0.57335
LG10	600001	620000	0.5195
LG10	620001	640000	0.07955
LG10	640001	660000	0.65585
LG10	660001	680000	0.3855
LG10	680001	700000	0.11345
LG10	700001	720000	0.00575
LG10	720001	740000	0
LG10	740001	760000	0.08755
LG10	760001	780000	0.0375
LG10	780001	800000	0
LG10	800001	820000	0
LG10	820001	840000	0.00875
LG10	840001	860000	0.0876
LG10	860001	880000	0.07235
LG10	880001	900000	0.0898
LG10	900001	920000	0.44395
LG10	920001	940000	0.9998
LG10	940001	960000	0.15385
LG10	960001	980000	0.1059
LG10	980001	1000000	0.0222
LG10	1000001	1020000	0.02265
LG10	1020001	1040000	0.3523
LG10	1040001	1060000	0.0792
LG10	1060001	1080000	0.88255
LG10	1080001	1100000	0.2355
LG10	1100001	1120000	0.0037
LG10	1120001	1140000	0
LG10	1140001	1160000	0.01305
LG10	1160001	1180000	0
LG10	1180001	1200000	0
LG10	1200001	1220000	0
LG10	1220001	1240000	0
LG10	1240001	1260000	0
LG10	1260001	1280000	0
LG10	1280001	1300000	0
LG10	1300001	1320000	0.0523
LG10	1320001	1340000	0
LG10	1340001	1360000	0.0263
LG10	1360001	1380000	0.0175
LG10	1380001	1400000	0
LG10	1400001	1420000	0
LG10	1420001	1440000	0.0621
LG10	1440001	1460000	0
LG10	1460001	1480000	0.43035
LG10	1480001	1500000	0.7856
LG10	1500001	1520000	0.7626
LG10	1520001	1540000	0
LG10	1540001	1560000	0
LG10	1560001	1580000	0.049
LG10	1580001	1600000	0
LG10	1600001	1620000	0
LG10	1620001	1640000	0
LG10	1640001	1660000	0.08515
LG10	1660001	1680000	0
LG10	1680001	1700000	0.00525
LG10	1700001	1720000	0.53235
LG10	1720001	1740000	0.80985
LG10	1740001	1760000	0.8027
LG10	1760001	1780000	0.4093
LG10	1780001	1800000	0.2495
LG10	1800001	1820000	0.43615
LG10	1820001	1840000	0.1203
LG10	1840001	1860000	0.714
LG10	1860001	1880000	0.0938
LG10	1880001	1900000	0.18905
LG10	1900001	1920000	0.0366
LG10	1920001	1940000	0.3976
LG10	1940001	1960000	0.1289
LG10	1960001	1980000	0.2946
LG10	1980001	2000000	0.03365
LG10	2000001	2020000	0
LG10	2020001	2040000	0.0215
LG10	2040001	2060000	0.00985
LG10	2060001	2080000	0
LG10	2080001	2100000	0.00865
LG10	2100001	2120000	0.07105
LG10	2120001	2140000	0
LG10	2140000	2174544	0.0227239832103054
LG11	1	20000	0.0269
LG11	20001	40000	0.2418
LG11	40001	60000	0
LG11	60001	80000	0.02165
LG11	80001	100000	0.6183
LG11	100001	120000	0.0529
LG11	120001	140000	0.01485
LG11	140001	160000	0.0145
LG11	160001	180000	0.07305
LG11	180001	200000	0.0505
LG11	200001	220000	0.0311
LG11	220001	240000	0.0114
LG11	240001	260000	0
LG11	260001	280000	0
LG11	280001	300000	0
LG11	300001	320000	0.01655
LG11	320001	340000	0
LG11	340001	360000	0.01535
LG11	360001	380000	0
LG11	380001	400000	0
LG11	400001	420000	0
LG11	420001	440000	0
LG11	440001	460000	0
LG11	460001	480000	0
LG11	480001	500000	0
LG11	500001	520000	0
LG11	520001	540000	0.4653
LG11	540001	560000	0.0149
LG11	560001	580000	0
LG11	580001	600000	0.00575
LG11	600001	620000	0
LG11	620001	640000	0
LG11	640001	660000	0
LG11	660001	680000	0
LG11	680001	700000	0
LG11	700001	720000	0
LG11	720001	740000	0
LG11	740001	760000	0.00145
LG11	760001	780000	0
LG11	780001	800000	0
LG11	800001	820000	0
LG11	820001	840000	0
LG11	840001	860000	0
LG11	860001	880000	0
LG11	880001	900000	0
LG11	900001	920000	0
LG11	920001	940000	0
LG11	940001	960000	0
LG11	960001	980000	0
LG11	980001	1000000	0
LG11	1000001	1020000	0
LG11	1020001	1040000	0
LG11	1040001	1060000	0.01025
LG11	1060001	1080000	0
LG11	1080001	1100000	0
LG11	1100001	1120000	0
LG11	1120001	1140000	0
LG11	1140001	1160000	0.38865
LG11	1160001	1180000	0.74285
LG11	1180001	1200000	0.5767
LG11	1200001	1220000	0.0552
LG11	1220001	1240000	0
LG11	1240001	1260000	0
LG11	1260001	1280000	0.00385
LG11	1280001	1300000	0
LG11	1300001	1320000	0.17225
LG11	1320001	1340000	0
LG11	1340001	1360000	0.03195
LG11	1360001	1380000	0.02065
LG11	1380001	1400000	0.847
LG11	1400001	1420000	0.9999
LG11	1420001	1440000	0.1786
LG11	1440001	1460000	0
LG11	1460001	1480000	0.0668
LG11	1480001	1500000	0.49935
LG11	1500001	1520000	0.98785
LG11	1520001	1540000	0.50045
LG11	1540001	1560000	0.7064
LG11	1560001	1580000	0.61325
LG11	1580001	1600000	0.4889
LG11	1600001	1620000	0.52505
LG11	1620001	1640000	0
LG11	1640001	1660000	0
LG11	1660001	1680000	0
LG11	1680001	1700000	0.00655
LG11	1700001	1720000	0.41535
LG11	1720001	1740000	0
LG11	1740001	1760000	0.14795
LG11	1760001	1780000	0.00305
LG11	1780001	1800000	0
LG11	1800001	1820000	0.07545
LG11	1820001	1840000	0.09265
LG11	1840001	1860000	0.07375
LG11	1860001	1880000	0.7417
LG11	1880001	1900000	0.9999
LG11	1900001	1920000	0.82335
LG11	1920001	1940000	0
LG11	1940001	1960000	0.0201
LG11	1960001	1980000	0.0739
LG11	1980001	2000000	0.0342
LG11	2000001	2020000	0.0123
LG11	2020001	2040000	0.842
LG11	2040001	2060000	0.85985
LG11	2060001	2080000	0.67365
LG11	2080001	2100000	0.87135
LG11	2100001	2120000	0.7289
LG11	2120001	2140000	0.1551
LG11	2140001	2160000	0.02255
LG11	2160001	2180000	0.01645
LG11	2180001	2200000	0.02035
LG11	2200000	2228230	0.0553292479897984
