LG00	1	20000	0.00505
LG00	20001	40000	0
LG00	40001	60000	0
LG00	60001	80000	0.0054
LG00	80001	100000	0
LG00	100001	120000	0
LG00	120001	140000	0.0468
LG00	140001	160000	0.00075
LG00	160001	180000	0
LG00	180001	200000	0.0359
LG00	200001	220000	0.32435
LG00	220001	240000	0.0333
LG00	240001	260000	0.011
LG00	260001	280000	0
LG00	280001	300000	0.0487
LG00	300001	320000	0
LG00	320001	340000	0.01375
LG00	340001	360000	0.1413
LG00	360001	380000	0.01385
LG00	380001	400000	0
LG00	400001	420000	0.0024
LG00	420001	440000	0.0185
LG00	440001	460000	0.00565
LG00	460001	480000	0.156
LG00	480001	500000	0.0709
LG00	500001	520000	0.14
LG00	520001	540000	0.74385
LG00	540001	560000	0.23115
LG00	560001	580000	0.0322
LG00	580001	600000	0
LG00	600001	620000	0
LG00	620001	640000	0
LG00	640001	660000	0
LG00	660001	680000	0.01245
LG00	680001	700000	0.2347
LG00	700001	720000	0
LG00	720001	740000	0.00545
LG00	740001	760000	0
LG00	760001	780000	0
LG00	780001	800000	0
LG00	800001	820000	0
LG00	820001	840000	0
LG00	840001	860000	0
LG00	860001	880000	0
LG00	880001	900000	0.0159
LG00	900001	920000	0
LG00	920001	940000	0
LG00	940001	960000	0.0099
LG00	960001	980000	0.01615
LG00	980001	1000000	0.0847
LG00	1000001	1020000	0.0189
LG00	1020001	1040000	0.0006
LG00	1040001	1060000	0.05935
LG00	1060001	1080000	0
LG00	1080001	1100000	0
LG00	1100001	1120000	0
LG00	1120001	1140000	0
LG00	1140001	1160000	0
LG00	1160001	1180000	0
LG00	1180001	1200000	0
LG00	1200001	1220000	0
LG00	1220001	1240000	0
LG00	1240001	1260000	0
LG00	1260001	1280000	0.0062
LG00	1280001	1300000	0
LG00	1300001	1320000	0
LG00	1320001	1340000	0
LG00	1340001	1360000	0
LG00	1360001	1380000	0
LG00	1380001	1400000	0.0046
LG00	1400001	1420000	0
LG00	1420001	1440000	0
LG00	1440001	1460000	0
LG00	1460001	1480000	0
LG00	1480001	1500000	0
LG00	1500001	1520000	0
LG00	1520001	1540000	0
LG00	1540001	1560000	0
LG00	1560001	1580000	0
LG00	1580001	1600000	0
LG00	1600001	1620000	0
LG00	1620001	1640000	0
LG00	1640001	1660000	0
LG00	1660001	1680000	0
LG00	1680001	1700000	0
LG00	1700001	1720000	0
LG00	1720001	1740000	0
LG00	1740001	1760000	0
LG00	1760001	1780000	0
LG00	1780001	1800000	0
LG00	1800001	1820000	0
LG00	1820001	1840000	0
LG00	1840001	1860000	0
LG00	1860001	1880000	0
LG00	1880001	1900000	0
LG00	1900001	1920000	0
LG00	1920001	1940000	0
LG00	1940001	1960000	0
LG00	1960001	1980000	0
LG00	1980001	2000000	0.00585
LG00	2000001	2020000	0
LG00	2020001	2040000	0
LG00	2040001	2060000	0
LG00	2060001	2080000	0
LG00	2080001	2100000	0
LG00	2100001	2120000	0
LG00	2120001	2140000	0
LG00	2140001	2160000	0
LG00	2160001	2180000	0
LG00	2180001	2200000	0
LG00	2200001	2220000	0
LG00	2220001	2240000	0.00815
LG00	2240001	2260000	0
LG00	2260001	2280000	0
LG00	2280001	2300000	0
LG00	2300001	2320000	0
LG00	2320001	2340000	0
LG00	2340001	2360000	0
LG00	2360001	2380000	0.0031
LG00	2380001	2400000	0
LG00	2400001	2420000	0
LG00	2420001	2440000	0
LG00	2440001	2460000	0
LG00	2460001	2480000	0
LG00	2480001	2500000	0
LG00	2500001	2520000	0
LG00	2520001	2540000	0.0046
LG00	2540001	2560000	0
LG00	2560001	2580000	0
LG00	2580001	2600000	0.0054
LG00	2600001	2620000	0
LG00	2620001	2640000	0
LG00	2640001	2660000	0
LG00	2660001	2680000	0
LG00	2680001	2700000	0
LG00	2700001	2720000	0
LG00	2720001	2740000	0
LG00	2740001	2760000	0
LG00	2760001	2780000	0
LG00	2780001	2800000	0
LG00	2800001	2820000	0
LG00	2820001	2840000	0
LG00	2840001	2860000	0
LG00	2860001	2880000	0
LG00	2880001	2900000	0
LG00	2900001	2920000	0.0141
LG00	2920001	2940000	0.04005
LG00	2940001	2960000	0
LG00	2960001	2980000	0.0036
LG00	2980001	3000000	0
LG00	3000001	3020000	0.12365
LG00	3020001	3040000	0.0104
LG00	3040001	3060000	0
LG00	3060001	3080000	0
LG00	3080001	3100000	0
LG00	3100001	3120000	0
LG00	3120001	3140000	0.00295
LG00	3140001	3160000	0.00155
LG00	3160001	3180000	0.03125
LG00	3180001	3200000	0
LG00	3200001	3220000	0
LG00	3220001	3240000	0
LG00	3240001	3260000	0.0054
LG00	3260001	3280000	0
LG00	3280001	3300000	0
LG00	3300001	3320000	0.0054
LG00	3320001	3340000	0.1836
LG00	3340001	3360000	0.0874
LG00	3360001	3380000	0.01175
LG00	3380001	3400000	0.00645
LG00	3400001	3420000	0.00545
LG00	3420001	3440000	0
LG00	3440001	3460000	0
LG00	3460001	3480000	0.0096
LG00	3480001	3500000	0.05115
LG00	3500001	3520000	0
LG00	3520001	3540000	0.0081
LG00	3540001	3560000	0
LG00	3560001	3580000	0.07115
LG00	3580001	3600000	0.01795
LG00	3600001	3620000	0
LG00	3620001	3640000	0
LG00	3640001	3660000	0.0056
LG00	3660001	3680000	0
LG00	3680001	3700000	0.11375
LG00	3700001	3720000	0.00775
LG00	3720001	3740000	0.24775
LG00	3740000	3763241	0.187677480423371
LG01	1	20000	0.01815
LG01	20001	40000	0
LG01	40001	60000	0.0132
LG01	60001	80000	0.01185
LG01	80001	100000	0.04955
LG01	100001	120000	0.00485
LG01	120001	140000	0
LG01	140001	160000	0
LG01	160001	180000	0
LG01	180001	200000	0
LG01	200001	220000	0.0147
LG01	220001	240000	0.05575
LG01	240001	260000	0.0298
LG01	260001	280000	0
LG01	280001	300000	0.0062
LG01	300001	320000	0.03095
LG01	320001	340000	0.0406
LG01	340001	360000	0
LG01	360001	380000	0
LG01	380001	400000	0
LG01	400001	420000	0
LG01	420001	440000	0
LG01	440001	460000	0
LG01	460001	480000	0
LG01	480001	500000	0
LG01	500001	520000	0
LG01	520001	540000	0
LG01	540001	560000	0.0044
LG01	560001	580000	0
LG01	580001	600000	0
LG01	600001	620000	0
LG01	620001	640000	0
LG01	640001	660000	0
LG01	660001	680000	0
LG01	680001	700000	0
LG01	700001	720000	0
LG01	720001	740000	0
LG01	740001	760000	0
LG01	760001	780000	0.03425
LG01	780001	800000	0
LG01	800001	820000	0
LG01	820001	840000	0
LG01	840001	860000	0
LG01	860001	880000	0
LG01	880001	900000	0
LG01	900001	920000	0
LG01	920001	940000	0
LG01	940001	960000	0
LG01	960001	980000	0
LG01	980001	1000000	0
LG01	1000001	1020000	0
LG01	1020001	1040000	0
LG01	1040001	1060000	0
LG01	1060001	1080000	0
LG01	1080001	1100000	0
LG01	1100001	1120000	0
LG01	1120001	1140000	0
LG01	1140001	1160000	0
LG01	1160001	1180000	0
LG01	1180001	1200000	0
LG01	1200001	1220000	0
LG01	1220001	1240000	0
LG01	1240001	1260000	0
LG01	1260001	1280000	0
LG01	1280001	1300000	0
LG01	1300001	1320000	0.0024
LG01	1320001	1340000	0
LG01	1340001	1360000	0
LG01	1360001	1380000	0
LG01	1380001	1400000	0
LG01	1400001	1420000	0
LG01	1420001	1440000	0
LG01	1440001	1460000	0
LG01	1460001	1480000	0
LG01	1480001	1500000	0
LG01	1500001	1520000	0
LG01	1520001	1540000	0
LG01	1540001	1560000	0
LG01	1560001	1580000	0
LG01	1580001	1600000	0.00565
LG01	1600001	1620000	0
LG01	1620001	1640000	0.0132
LG01	1640001	1660000	0
LG01	1660001	1680000	0
LG01	1680001	1700000	0
LG01	1700001	1720000	0
LG01	1720001	1740000	0
LG01	1740001	1760000	0.00915
LG01	1760001	1780000	0
LG01	1780001	1800000	0
LG01	1800001	1820000	0
LG01	1820001	1840000	0
LG01	1840001	1860000	0.009
LG01	1860001	1880000	0.00415
LG01	1880001	1900000	0
LG01	1900001	1920000	0
LG01	1920001	1940000	0
LG01	1940001	1960000	0
LG01	1960001	1980000	0
LG01	1980001	2000000	0
LG01	2000001	2020000	0
LG01	2020001	2040000	0
LG01	2040001	2060000	0.026
LG01	2060001	2080000	0
LG01	2080001	2100000	0.04085
LG01	2100001	2120000	0.02875
LG01	2120001	2140000	0
LG01	2140001	2160000	0
LG01	2160001	2180000	0
LG01	2180001	2200000	0
LG01	2200001	2220000	0
LG01	2220001	2240000	0
LG01	2240001	2260000	0
LG01	2260001	2280000	0
LG01	2280001	2300000	0.0017
LG01	2300001	2320000	0
LG01	2320001	2340000	0
LG01	2340001	2360000	0
LG01	2360001	2380000	0
LG01	2380001	2400000	0.06575
LG01	2400001	2420000	0.03285
LG01	2420001	2440000	0
LG01	2440001	2460000	0
LG01	2460001	2480000	0
LG01	2480001	2500000	0
LG01	2500001	2520000	0
LG01	2520001	2540000	0
LG01	2540001	2560000	0
LG01	2560001	2580000	0
LG01	2580001	2600000	0
LG01	2600001	2620000	0
LG01	2620001	2640000	0.0103
LG01	2640001	2660000	0
LG01	2660001	2680000	0
LG01	2680001	2700000	0
LG01	2700001	2720000	0
LG01	2720001	2740000	0
LG01	2740001	2760000	0
LG01	2760001	2780000	0
LG01	2780001	2800000	0
LG01	2800001	2820000	0
LG01	2820001	2840000	0
LG01	2840001	2860000	0
LG01	2860001	2880000	0.0051
LG01	2880001	2900000	0
LG01	2900001	2920000	0
LG01	2920001	2940000	0.0051
LG01	2940001	2960000	0
LG01	2960001	2980000	0
LG01	2980001	3000000	0.0043
LG01	3000001	3020000	0.00605
LG01	3020001	3040000	0
LG01	3040001	3060000	0
LG01	3060001	3080000	0.0095
LG01	3080001	3100000	0
LG01	3100001	3120000	0
LG01	3120001	3140000	0
LG01	3140001	3160000	0.0086
LG01	3160001	3180000	0.01395
LG01	3180001	3200000	0.09265
LG01	3200001	3220000	0
LG01	3220001	3240000	0
LG01	3240001	3260000	0.0738
LG01	3260001	3280000	0
LG01	3280001	3300000	0.0174
LG01	3300001	3320000	0.00525
LG01	3320001	3340000	0
LG01	3340001	3360000	0
LG01	3360001	3380000	0.03935
LG01	3380001	3400000	0.0227
LG01	3400001	3420000	0.01385
LG01	3420001	3440000	0.00605
LG01	3440001	3460000	0
LG01	3460001	3480000	0.02385
LG01	3480001	3500000	0.0694
LG01	3500001	3520000	0.04525
LG01	3520001	3540000	0.11775
LG01	3540001	3560000	0.01685
LG01	3560001	3580000	0.0054
LG01	3580001	3600000	0
LG01	3600001	3620000	0.02795
LG01	3620001	3640000	0.0856
LG01	3640001	3660000	0
LG01	3660001	3680000	0.0134
LG01	3680001	3700000	0.0037
LG01	3700001	3720000	0.01
LG01	3720001	3740000	0.0297
LG01	3740001	3760000	0
LG01	3760001	3780000	0.0138
LG01	3780001	3800000	0
LG01	3800001	3820000	0.00575
LG01	3820001	3840000	0
LG01	3840001	3860000	0.01435
LG01	3860001	3880000	0.00575
LG01	3880001	3900000	0
LG01	3900001	3920000	0.0053
LG01	3920001	3940000	0
LG01	3940001	3960000	0
LG01	3960001	3980000	0.0085
LG01	3980001	4000000	0
LG01	4000001	4020000	0
LG01	4020001	4040000	0.0691
LG01	4040001	4060000	0.019
LG01	4060001	4080000	0
LG01	4080001	4100000	0
LG01	4100001	4120000	0
LG01	4120001	4140000	0
LG01	4140001	4160000	0
LG01	4160001	4180000	0.0109
LG01	4180001	4200000	0
LG01	4200001	4220000	0
LG01	4220001	4240000	0
LG01	4240001	4260000	0
LG01	4260001	4280000	0
LG01	4280001	4300000	0
LG01	4300001	4320000	0
LG01	4320001	4340000	0
LG01	4340001	4360000	0
LG01	4360001	4380000	0
LG01	4380001	4400000	0
LG01	4400001	4420000	0
LG01	4420001	4440000	0
LG01	4440001	4460000	0
LG01	4460001	4480000	0.00545
LG01	4480001	4500000	0
LG01	4500001	4520000	0
LG01	4520001	4540000	0
LG01	4540001	4560000	0
LG01	4560001	4580000	0
LG01	4580001	4600000	0
LG01	4600001	4620000	0
LG01	4620001	4640000	0
LG01	4640001	4660000	0
LG01	4660001	4680000	0
LG01	4680001	4700000	0
LG01	4700001	4720000	0
LG01	4720001	4740000	0
LG01	4740001	4760000	0
LG01	4760001	4780000	0
LG01	4780001	4800000	0
LG01	4800001	4820000	0
LG01	4820001	4840000	0
LG01	4840001	4860000	0
LG01	4860001	4880000	0
LG01	4880001	4900000	0
LG01	4900001	4920000	0
LG01	4920001	4940000	0
LG01	4940001	4960000	0
LG01	4960001	4980000	0
LG01	4980001	5000000	0
LG01	5000001	5020000	0.0054
LG01	5020001	5040000	0
LG01	5040001	5060000	0
LG01	5060001	5080000	0
LG01	5080001	5100000	0
LG01	5100001	5120000	0
LG01	5120001	5140000	0
LG01	5140001	5160000	0
LG01	5160001	5180000	0
LG01	5180001	5200000	0
LG01	5200001	5220000	0
LG01	5220001	5240000	0
LG01	5240001	5260000	0
LG01	5260001	5280000	0
LG01	5280001	5300000	0.00545
LG01	5300001	5320000	0
LG01	5320001	5340000	0
LG01	5340001	5360000	0
LG01	5360001	5380000	0
LG01	5380001	5400000	0
LG01	5400001	5420000	0
LG01	5420001	5440000	0
LG01	5440001	5460000	0
LG01	5460001	5480000	0
LG01	5480001	5500000	0
LG01	5500001	5520000	0
LG01	5520001	5540000	0.0007
LG01	5540001	5560000	0
LG01	5560001	5580000	0.02725
LG01	5580001	5600000	0
LG01	5600001	5620000	0.05115
LG01	5620001	5640000	0
LG01	5640001	5660000	0
LG01	5660001	5680000	0
LG01	5680001	5700000	0
LG01	5700001	5720000	0
LG01	5720001	5740000	0
LG01	5740001	5760000	0
LG01	5760001	5780000	0
LG01	5780001	5800000	0
LG01	5800001	5820000	0
LG01	5820001	5840000	0
LG01	5840001	5860000	0
LG01	5860001	5880000	0
LG01	5880001	5900000	0
LG01	5900001	5920000	0
LG01	5920001	5940000	0
LG01	5940001	5960000	0.0062
LG01	5960001	5980000	0
LG01	5980001	6000000	0
LG01	6000001	6020000	0
LG01	6020001	6040000	0
LG01	6040001	6060000	0
LG01	6060001	6080000	0
LG01	6080001	6100000	0
LG01	6100001	6120000	0
LG01	6120001	6140000	0
LG01	6140001	6160000	0
LG01	6160001	6180000	0
LG01	6180001	6200000	0
LG01	6200001	6220000	0
LG01	6220001	6240000	0
LG01	6240001	6260000	0
LG01	6260001	6280000	0
LG01	6280001	6300000	0.0054
LG01	6300001	6320000	0
LG01	6320001	6340000	0
LG01	6340001	6360000	0
LG01	6360001	6380000	0
LG01	6380001	6400000	0.0163
LG01	6400001	6420000	0
LG01	6420001	6440000	0
LG01	6440001	6460000	0
LG01	6460001	6480000	0
LG01	6480001	6500000	0
LG01	6500001	6520000	0
LG01	6520001	6540000	0
LG01	6540001	6560000	0
LG01	6560001	6580000	0.00855
LG01	6580001	6600000	0
LG01	6600001	6620000	0
LG01	6620001	6640000	0
LG01	6640001	6660000	0
LG01	6660001	6680000	0
LG01	6680001	6700000	0.0387
LG01	6700001	6720000	0.00395
LG01	6720001	6740000	0.2088
LG01	6740001	6760000	0.08885
LG01	6760001	6780000	0.01125
LG01	6780001	6800000	0.0892
LG01	6800001	6820000	0
LG01	6820001	6840000	0.0093
LG01	6840001	6860000	0.0132
LG01	6860001	6880000	0.0117
LG01	6880001	6900000	0
LG01	6900001	6920000	0
LG01	6920001	6940000	0.0083
LG01	6940001	6960000	0
LG01	6960001	6980000	0
LG01	6980001	7000000	0.01805
LG01	7000001	7020000	0.01835
LG01	7020001	7040000	0.0054
LG01	7040001	7060000	0
LG01	7060001	7080000	0
LG01	7080001	7100000	0
LG01	7100001	7120000	0.1914
LG01	7120001	7140000	0.04635
LG01	7140001	7160000	0
LG01	7160001	7180000	0
LG01	7180001	7200000	0
LG01	7200000	7237655	0
LG02	1	20000	0
LG02	20001	40000	0.0148
LG02	40001	60000	0
LG02	60001	80000	0.00355
LG02	80001	100000	0.0308
LG02	100001	120000	0.15445
LG02	120001	140000	0.0093
LG02	140001	160000	0
LG02	160001	180000	0.10475
LG02	180001	200000	0
LG02	200001	220000	0
LG02	220001	240000	0
LG02	240001	260000	0.01165
LG02	260001	280000	0
LG02	280001	300000	0
LG02	300001	320000	0
LG02	320001	340000	0.0888
LG02	340001	360000	0
LG02	360001	380000	0.03685
LG02	380001	400000	0
LG02	400001	420000	0
LG02	420001	440000	0
LG02	440001	460000	0.0055
LG02	460001	480000	0.0676
LG02	480001	500000	0.26295
LG02	500001	520000	0
LG02	520001	540000	0
LG02	540001	560000	0.0219
LG02	560001	580000	0.0101
LG02	580001	600000	0.0131
LG02	600001	620000	0
LG02	620001	640000	0
LG02	640001	660000	0.0062
LG02	660001	680000	0
LG02	680001	700000	0
LG02	700001	720000	0
LG02	720001	740000	0
LG02	740001	760000	0.00485
LG02	760001	780000	0
LG02	780001	800000	0
LG02	800001	820000	0
LG02	820001	840000	0
LG02	840001	860000	0.00325
LG02	860001	880000	0
LG02	880001	900000	0
LG02	900001	920000	0.00635
LG02	920001	940000	0
LG02	940001	960000	0.09265
LG02	960001	980000	0.3036
LG02	980001	1000000	0
LG02	1000001	1020000	0
LG02	1020001	1040000	0.00565
LG02	1040001	1060000	0
LG02	1060001	1080000	0
LG02	1080001	1100000	0.01815
LG02	1100001	1120000	0.00585
LG02	1120001	1140000	0
LG02	1140001	1160000	0
LG02	1160001	1180000	0.1969
LG02	1180001	1200000	0.12165
LG02	1200001	1220000	0.0502
LG02	1220001	1240000	0.0486
LG02	1240001	1260000	0.04045
LG02	1260001	1280000	0.09195
LG02	1280001	1300000	0.00215
LG02	1300001	1320000	0.10685
LG02	1320001	1340000	0.0231
LG02	1340001	1360000	0.03225
LG02	1360001	1380000	0.10935
LG02	1380001	1400000	0.0038
LG02	1400001	1420000	0
LG02	1420001	1440000	0
LG02	1440001	1460000	0
LG02	1460001	1480000	0.00755
LG02	1480001	1500000	0.0214
LG02	1500001	1520000	0
LG02	1520001	1540000	0
LG02	1540001	1560000	0.0236
LG02	1560001	1580000	0
LG02	1580001	1600000	0
LG02	1600001	1620000	0.00535
LG02	1620001	1640000	0
LG02	1640001	1660000	0.0193
LG02	1660001	1680000	0.0447
LG02	1680001	1700000	0.10955
LG02	1700001	1720000	0.0113
LG02	1720001	1740000	0.08305
LG02	1740001	1760000	0.11395
LG02	1760001	1780000	0.04475
LG02	1780001	1800000	0
LG02	1800001	1820000	0
LG02	1820001	1840000	0.05395
LG02	1840001	1860000	0
LG02	1860001	1880000	0.01325
LG02	1880001	1900000	0
LG02	1900001	1920000	0
LG02	1920001	1940000	0.2193
LG02	1940001	1960000	0.2066
LG02	1960001	1980000	0.01315
LG02	1980001	2000000	0.0426
LG02	2000001	2020000	0.04265
LG02	2020001	2040000	0.0296
LG02	2040001	2060000	0.00555
LG02	2060001	2080000	0
LG02	2080001	2100000	0
LG02	2100000	2120000	0.0533473326333683
LG03	1	20000	0.02605
LG03	20001	40000	0.00505
LG03	40001	60000	0
LG03	60001	80000	0.0291
LG03	80001	100000	0.00195
LG03	100001	120000	0
LG03	120001	140000	0.27705
LG03	140001	160000	0
LG03	160001	180000	0.0378
LG03	180001	200000	0.0055
LG03	200001	220000	0.02095
LG03	220001	240000	0.1517
LG03	240001	260000	0
LG03	260001	280000	0.2121
LG03	280001	300000	0.0056
LG03	300001	320000	0.00925
LG03	320001	340000	0
LG03	340001	360000	0.04605
LG03	360001	380000	0
LG03	380001	400000	0.0093
LG03	400001	420000	0
LG03	420001	440000	0.1251
LG03	440001	460000	0.16985
LG03	460001	480000	0
LG03	480001	500000	0
LG03	500001	520000	0
LG03	520001	540000	0
LG03	540001	560000	0.00845
LG03	560001	580000	0
LG03	580001	600000	0
LG03	600001	620000	0.00545
LG03	620001	640000	0
LG03	640001	660000	0
LG03	660001	680000	0.02265
LG03	680001	700000	0.04535
LG03	700001	720000	0
LG03	720001	740000	0.1066
LG03	740001	760000	0.0648
LG03	760001	780000	0.19805
LG03	780001	800000	0.2282
LG03	800001	820000	0.32755
LG03	820001	840000	0
LG03	840001	860000	0
LG03	860001	880000	0
LG03	880001	900000	0
LG03	900001	920000	0
LG03	920001	940000	0
LG03	940001	960000	0
LG03	960001	980000	0.0132
LG03	980001	1000000	0
LG03	1000001	1020000	0
LG03	1020001	1040000	0
LG03	1040001	1060000	0
LG03	1060001	1080000	0.14975
LG03	1080001	1100000	0
LG03	1100001	1120000	0.0086
LG03	1120001	1140000	0.2454
LG03	1140001	1160000	0
LG03	1160001	1180000	0
LG03	1180001	1200000	0.00085
LG03	1200000	1220000	0
LG04	1	20000	0
LG04	20001	40000	0
LG04	40001	60000	0
LG04	60001	80000	0.01865
LG04	80001	100000	0.0054
LG04	100001	120000	0
LG04	120001	140000	0.396
LG04	140001	160000	0.1564
LG04	160001	180000	0
LG04	180001	200000	0
LG04	200001	220000	0.00415
LG04	220001	240000	0
LG04	240001	260000	0.0054
LG04	260001	280000	0.0241
LG04	280001	300000	0
LG04	300001	320000	0
LG04	320001	340000	0.09245
LG04	340001	360000	0.00275
LG04	360001	380000	0
LG04	380001	400000	0.08805
LG04	400001	420000	0
LG04	420001	440000	0.0504
LG04	440001	460000	0.0221
LG04	460001	480000	0.02405
LG04	480001	500000	0
LG04	500001	520000	0.02105
LG04	520001	540000	0
LG04	540001	560000	0
LG04	560001	580000	0
LG04	580001	600000	0.00545
LG04	600001	620000	0
LG04	620001	640000	0.01685
LG04	640001	660000	0.0055
LG04	660001	680000	0.0593
LG04	680001	700000	0
LG04	700001	720000	0.03385
LG04	720001	740000	0
LG04	740001	760000	0.0397
LG04	760001	780000	0
LG04	780001	800000	0.0108
LG04	800001	820000	0
LG04	820001	840000	0
LG04	840001	860000	0.1167
LG04	860001	880000	0
LG04	880001	900000	0
LG04	900001	920000	0
LG04	920001	940000	0
LG04	940001	960000	0
LG04	960001	980000	0
LG04	980001	1000000	0
LG04	1000001	1020000	0
LG04	1020001	1040000	0
LG04	1040001	1060000	0
LG04	1060001	1080000	0
LG04	1080001	1100000	0
LG04	1100001	1120000	0.2166
LG04	1120001	1140000	0.17745
LG04	1140001	1160000	0
LG04	1160001	1180000	0.03475
LG04	1180001	1200000	0.01565
LG04	1200001	1220000	0
LG04	1220001	1240000	0
LG04	1240001	1260000	0
LG04	1260001	1280000	0
LG04	1280001	1300000	0.03445
LG04	1300001	1320000	0
LG04	1320001	1340000	0.0034
LG04	1340001	1360000	0
LG04	1360001	1380000	0
LG04	1380001	1400000	0
LG04	1400001	1420000	0.00545
LG04	1420001	1440000	0.0246
LG04	1440001	1460000	0
LG04	1460001	1480000	0
LG04	1480001	1500000	0.06285
LG04	1500001	1520000	0.285
LG04	1520001	1540000	0.06255
LG04	1540001	1560000	0.02075
LG04	1560001	1580000	0.0093
LG04	1580001	1600000	0.0998
LG04	1600001	1620000	0.0011
LG04	1620001	1640000	0.30545
LG04	1640001	1660000	0.02095
LG04	1660001	1680000	0.03095
LG04	1680001	1700000	0
LG04	1700001	1720000	0
LG04	1720001	1740000	0.16375
LG04	1740001	1760000	0.19935
LG04	1760001	1780000	0.01305
LG04	1780001	1800000	0
LG04	1800001	1820000	0
LG04	1820001	1840000	0.0129
LG04	1840001	1860000	0
LG04	1860001	1880000	0
LG04	1880001	1900000	0.0485
LG04	1900001	1920000	0
LG04	1920001	1940000	0.0277
LG04	1940001	1960000	0.02165
LG04	1960001	1980000	0.00435
LG04	1980001	2000000	0
LG04	2000001	2020000	0.0722
LG04	2020001	2040000	0.04895
LG04	2040001	2060000	0.07945
LG04	2060001	2080000	0.0072
LG04	2080001	2100000	0.038
LG04	2100001	2120000	0
LG04	2120001	2140000	0
LG04	2140001	2160000	0.0121
LG04	2160001	2180000	0.0039
LG04	2180001	2200000	0
LG04	2200001	2220000	0
LG04	2220001	2240000	0
LG04	2240001	2260000	0.0087
LG04	2260001	2280000	0.00975
LG04	2280001	2300000	0.00815
LG04	2300001	2320000	0.0121
LG04	2320001	2340000	0.01385
LG04	2340001	2360000	0.0958
LG04	2360001	2380000	0.0335
LG04	2380001	2400000	0.12035
LG04	2400001	2420000	0.05905
LG04	2420001	2440000	0.0137
LG04	2440001	2460000	0.01645
LG04	2460001	2480000	0.1043
LG04	2480001	2500000	0.0339
LG04	2500001	2520000	0.0087
LG04	2520001	2540000	0
LG04	2540001	2560000	0.0428
LG04	2560001	2580000	0.02965
LG04	2580001	2600000	0.0428
LG04	2600001	2620000	0.00215
LG04	2620001	2640000	0.0368
LG04	2640001	2660000	0
LG04	2660001	2680000	0.01175
LG04	2680001	2700000	0.04385
LG04	2700001	2720000	0.1559
LG04	2720001	2740000	0
LG04	2740001	2760000	0.00575
LG04	2760001	2780000	0.4602
LG04	2780001	2800000	0.18645
LG04	2800001	2820000	0.00565
LG04	2820001	2840000	0.01365
LG04	2840001	2860000	0
LG04	2860001	2880000	0
LG04	2880001	2900000	0.0056
LG04	2900001	2920000	0.04575
LG04	2920001	2940000	0.0887
LG04	2940001	2960000	0.01685
LG04	2960001	2980000	0.01295
LG04	2980001	3000000	0.01495
LG04	3000001	3020000	0
LG04	3020001	3040000	0.01355
LG04	3040001	3060000	0.0753
LG04	3060001	3080000	0
LG04	3080001	3100000	0.0054
LG04	3100001	3120000	0.0657
LG04	3120001	3140000	0
LG04	3140001	3160000	0
LG04	3160001	3180000	0
LG04	3180001	3200000	0.01085
LG04	3200001	3220000	0.01305
LG04	3220001	3240000	0
LG04	3240001	3260000	0.02175
LG04	3260001	3280000	0.01235
LG04	3280001	3300000	0.0111
LG04	3300001	3320000	0
LG04	3320001	3340000	0
LG04	3340001	3360000	0
LG04	3360001	3380000	0.0056
LG04	3380001	3400000	0.0093
LG04	3400001	3420000	0
LG04	3420001	3440000	0
LG04	3440001	3460000	0
LG04	3460001	3480000	0.0083
LG04	3480001	3500000	0
LG04	3500001	3520000	0
LG04	3520001	3540000	0
LG04	3540001	3560000	0
LG04	3560001	3580000	0
LG04	3580001	3600000	0.00825
LG04	3600001	3620000	0
LG04	3620001	3640000	0
LG04	3640001	3660000	0
LG04	3660001	3680000	0
LG04	3680001	3700000	0.00375
LG04	3700001	3720000	0
LG04	3720001	3740000	0.0057
LG04	3740001	3760000	0.00825
LG04	3760001	3780000	0
LG04	3780001	3800000	0.0119
LG04	3800001	3820000	0
LG04	3820001	3840000	0
LG04	3840001	3860000	0.0106
LG04	3860001	3880000	0
LG04	3880001	3900000	0.18265
LG04	3900001	3920000	0.00545
LG04	3920001	3940000	0
LG04	3940001	3960000	0.00835
LG04	3960001	3980000	0
LG04	3980001	4000000	0
LG04	4000001	4020000	0
LG04	4020001	4040000	0.04125
LG04	4040001	4060000	0.0196
LG04	4060001	4080000	0
LG04	4080001	4100000	0
LG04	4100001	4120000	0.25805
LG04	4120001	4140000	0.0233
LG04	4140001	4160000	0.00205
LG04	4160001	4180000	0.11735
LG04	4180001	4200000	0
LG04	4200001	4220000	0
LG04	4220001	4240000	0.0093
LG04	4240001	4260000	0
LG04	4260001	4280000	0.01305
LG04	4280001	4300000	0.00625
LG04	4300001	4320000	0.42275
LG04	4320001	4340000	0.48715
LG04	4340001	4360000	0.0368
LG04	4360001	4380000	0
LG04	4380001	4400000	0
LG04	4400001	4420000	0.0374
LG04	4420001	4440000	0.0369
LG04	4440001	4460000	0
LG04	4460001	4480000	0.4393
LG04	4480001	4500000	0.134
LG04	4500001	4520000	0.1305
LG04	4520001	4540000	0
LG04	4540001	4560000	0.00525
LG04	4560001	4580000	0
LG04	4580001	4600000	0.00545
LG04	4600001	4620000	0.0266
LG04	4620001	4640000	0.16515
LG04	4640001	4660000	0.02025
LG04	4660000	4695780	0.0639445515776529
LG05	1	20000	0
LG05	20001	40000	0.00745
LG05	40001	60000	0
LG05	60001	80000	0
LG05	80001	100000	0
LG05	100001	120000	0.00505
LG05	120001	140000	0.04015
LG05	140001	160000	0.0523
LG05	160001	180000	0.0138
LG05	180001	200000	0.09405
LG05	200001	220000	0.169
LG05	220001	240000	0.185
LG05	240001	260000	0
LG05	260001	280000	0.26
LG05	280001	300000	0.30845
LG05	300001	320000	0.30855
LG05	320001	340000	0.3419
LG05	340001	360000	0.05475
LG05	360001	380000	0.1837
LG05	380001	400000	0.24425
LG05	400001	420000	0.06
LG05	420001	440000	0.17995
LG05	440001	460000	0
LG05	460001	480000	0
LG05	480001	500000	0
LG05	500001	520000	0.0141
LG05	520001	540000	0.0168
LG05	540001	560000	0
LG05	560001	580000	0
LG05	580001	600000	0
LG05	600001	620000	0
LG05	620001	640000	0.0064
LG05	640001	660000	0
LG05	660001	680000	0.01195
LG05	680001	700000	0.04295
LG05	700001	720000	0.0527
LG05	720001	740000	0.0431
LG05	740001	760000	0
LG05	760001	780000	0
LG05	780001	800000	0.05305
LG05	800001	820000	0.01745
LG05	820001	840000	0
LG05	840001	860000	0
LG05	860001	880000	0
LG05	880001	900000	0
LG05	900001	920000	0.0082
LG05	920001	940000	0.0147
LG05	940001	960000	0.0109
LG05	960001	980000	0
LG05	980001	1000000	0.00815
LG05	1000001	1020000	0
LG05	1020001	1040000	0
LG05	1040001	1060000	0.00645
LG05	1060001	1080000	0
LG05	1080001	1100000	0.0132
LG05	1100001	1120000	0.0048
LG05	1120001	1140000	0
LG05	1140001	1160000	0
LG05	1160001	1180000	0
LG05	1180001	1200000	0
LG05	1200001	1220000	0.01145
LG05	1220001	1240000	0
LG05	1240001	1260000	0
LG05	1260001	1280000	0
LG05	1280001	1300000	0
LG05	1300001	1320000	0
LG05	1320001	1340000	0
LG05	1340001	1360000	0
LG05	1360001	1380000	0
LG05	1380001	1400000	0.00565
LG05	1400001	1420000	0.02925
LG05	1420001	1440000	0
LG05	1440001	1460000	0
LG05	1460001	1480000	0
LG05	1480001	1500000	0
LG05	1500001	1520000	0
LG05	1520001	1540000	0
LG05	1540001	1560000	0
LG05	1560001	1580000	0
LG05	1580001	1600000	0
LG05	1600001	1620000	0
LG05	1620001	1640000	0
LG05	1640001	1660000	0.00585
LG05	1660001	1680000	0.0093
LG05	1680001	1700000	0
LG05	1700001	1720000	0
LG05	1720001	1740000	0
LG05	1740001	1760000	0.00395
LG05	1760001	1780000	0.0054
LG05	1780001	1800000	0
LG05	1800001	1820000	0
LG05	1820001	1840000	0.04865
LG05	1840001	1860000	0
LG05	1860001	1880000	0.0056
LG05	1880001	1900000	0
LG05	1900001	1920000	0
LG05	1920001	1940000	0
LG05	1940001	1960000	0.00545
LG05	1960001	1980000	0
LG05	1980001	2000000	0
LG05	2000001	2020000	0.0857
LG05	2020001	2040000	0
LG05	2040001	2060000	0.02645
LG05	2060001	2080000	0.12905
LG05	2080001	2100000	0.0387
LG05	2100001	2120000	0.07695
LG05	2120001	2140000	0.01395
LG05	2140001	2160000	0
LG05	2160001	2180000	0
LG05	2180001	2200000	0
LG05	2200001	2220000	0
LG05	2220001	2240000	0
LG05	2240001	2260000	0
LG05	2260001	2280000	0
LG05	2280001	2300000	0
LG05	2300001	2320000	0
LG05	2320001	2340000	0
LG05	2340001	2360000	0
LG05	2360001	2380000	0
LG05	2380001	2400000	0.0093
LG05	2400001	2420000	0
LG05	2420001	2440000	0
LG05	2440001	2460000	0.0064
LG05	2460001	2480000	0
LG05	2480001	2500000	0
LG05	2500001	2520000	0
LG05	2520001	2540000	0
LG05	2540001	2560000	0.00955
LG05	2560001	2580000	0
LG05	2580001	2600000	0
LG05	2600001	2620000	0
LG05	2620001	2640000	0
LG05	2640001	2660000	0
LG05	2660001	2680000	0
LG05	2680001	2700000	0
LG05	2700001	2720000	0
LG05	2720001	2740000	0
LG05	2740001	2760000	0
LG05	2760001	2780000	0.00585
LG05	2780001	2800000	0
LG05	2800001	2820000	0
LG05	2820001	2840000	0
LG05	2840001	2860000	0
LG05	2860001	2880000	0
LG05	2880001	2900000	0
LG05	2900001	2920000	0
LG05	2920001	2940000	0
LG05	2940001	2960000	0
LG05	2960001	2980000	0
LG05	2980001	3000000	0
LG05	3000001	3020000	0
LG05	3020001	3040000	0.01415
LG05	3040001	3060000	0
LG05	3060001	3080000	0
LG05	3080001	3100000	0
LG05	3100001	3120000	0
LG05	3120001	3140000	0
LG05	3140001	3160000	0.0055
LG05	3160001	3180000	0
LG05	3180001	3200000	0.0281
LG05	3200001	3220000	0
LG05	3220001	3240000	0
LG05	3240001	3260000	0.00435
LG05	3260001	3280000	0.02145
LG05	3280001	3300000	0.01085
LG05	3300001	3320000	0
LG05	3320000	3350774	0.00649878147847279
LG06	1	20000	0
LG06	20001	40000	0
LG06	40001	60000	0
LG06	60001	80000	0
LG06	80001	100000	0.03345
LG06	100001	120000	0.01585
LG06	120001	140000	0.02785
LG06	140001	160000	0.01385
LG06	160001	180000	0
LG06	180001	200000	0.0421
LG06	200001	220000	0
LG06	220001	240000	0
LG06	240001	260000	0
LG06	260001	280000	0.00545
LG06	280001	300000	0.1598
LG06	300001	320000	0.0517
LG06	320001	340000	0.0047
LG06	340001	360000	0.00375
LG06	360001	380000	0
LG06	380001	400000	0.01325
LG06	400001	420000	0
LG06	420001	440000	0.00535
LG06	440001	460000	0.0186
LG06	460001	480000	0
LG06	480001	500000	0.0132
LG06	500001	520000	0.0054
LG06	520001	540000	0
LG06	540001	560000	0
LG06	560001	580000	0
LG06	580001	600000	0
LG06	600001	620000	0.01305
LG06	620001	640000	0.01315
LG06	640001	660000	0
LG06	660001	680000	0.0026
LG06	680001	700000	0.04935
LG06	700001	720000	0.05295
LG06	720001	740000	0
LG06	740001	760000	0.1731
LG06	760001	780000	0.1896
LG06	780001	800000	0.16375
LG06	800001	820000	0.40665
LG06	820001	840000	0.1102
LG06	840001	860000	0
LG06	860001	880000	0
LG06	880001	900000	0
LG06	900001	920000	0
LG06	920001	940000	0.086
LG06	940001	960000	0.0776
LG06	960001	980000	0
LG06	980001	1000000	0
LG06	1000001	1020000	0.00585
LG06	1020001	1040000	0
LG06	1040001	1060000	0
LG06	1060001	1080000	0.47575
LG06	1080001	1100000	0.1285
LG06	1100001	1120000	0.01265
LG06	1120001	1140000	0.0609
LG06	1140001	1160000	0.2454
LG06	1160001	1180000	0.01165
LG06	1180001	1200000	0.00165
LG06	1200001	1220000	0.0038
LG06	1220001	1240000	0.0421
LG06	1240001	1260000	0.1591
LG06	1260001	1280000	0.0502
LG06	1280001	1300000	0
LG06	1300001	1320000	0
LG06	1320001	1340000	0
LG06	1340001	1360000	0
LG06	1360001	1380000	0.1908
LG06	1380001	1400000	0.18005
LG06	1400001	1420000	0
LG06	1420001	1440000	0
LG06	1440001	1460000	0
LG06	1460001	1480000	0
LG06	1480001	1500000	0
LG06	1500001	1520000	0.0052
LG06	1520001	1540000	0
LG06	1540001	1560000	0
LG06	1560001	1580000	0
LG06	1580001	1600000	0
LG06	1600001	1620000	0
LG06	1620001	1640000	0.1848
LG06	1640001	1660000	0
LG06	1660001	1680000	0
LG06	1680001	1700000	0
LG06	1700001	1720000	0
LG06	1720001	1740000	0
LG06	1740001	1760000	0
LG06	1760001	1780000	0
LG06	1780001	1800000	0
LG06	1800001	1820000	0
LG06	1820001	1840000	0.01395
LG06	1840001	1860000	0
LG06	1860001	1880000	0
LG06	1880001	1900000	0
LG06	1900001	1920000	0.0098
LG06	1920001	1940000	0
LG06	1940001	1960000	0.00165
LG06	1960001	1980000	0.0479
LG06	1980001	2000000	0.019
LG06	2000001	2020000	0.01225
LG06	2020001	2040000	0
LG06	2040001	2060000	0.1151
LG06	2060001	2080000	0.01865
LG06	2080001	2100000	0.21525
LG06	2100001	2120000	0
LG06	2120001	2140000	0
LG06	2140001	2160000	0
LG06	2160001	2180000	0.00585
LG06	2180001	2200000	0.0072
LG06	2200001	2220000	0.00585
LG06	2220001	2240000	0
LG06	2240001	2260000	0
LG06	2260001	2280000	0.00775
LG06	2280001	2300000	0
LG06	2300001	2320000	0
LG06	2320001	2340000	0.0039
LG06	2340001	2360000	0
LG06	2360001	2380000	0.08145
LG06	2380001	2400000	0
LG06	2400001	2420000	0.0056
LG06	2420001	2440000	0.0737
LG06	2440001	2460000	0.07305
LG06	2460001	2480000	0.03385
LG06	2480001	2500000	0.0646
LG06	2500001	2520000	0.02515
LG06	2520001	2540000	0.02185
LG06	2540001	2560000	0.02265
LG06	2560001	2580000	0.03485
LG06	2580001	2600000	0.0225
LG06	2600001	2620000	0.1769
LG06	2620001	2640000	0.1462
LG06	2640001	2660000	0.0266
LG06	2660001	2680000	0.00815
LG06	2680001	2700000	0
LG06	2700001	2720000	0.0132
LG06	2720001	2740000	0
LG06	2740001	2760000	0.0462
LG06	2760001	2780000	0
LG06	2780001	2800000	0
LG06	2800001	2820000	0.02425
LG06	2820001	2840000	0.16105
LG06	2840001	2860000	0
LG06	2860001	2880000	0.10755
LG06	2880001	2900000	0.00455
LG06	2900001	2920000	0.01625
LG06	2920001	2940000	0
LG06	2940001	2960000	0
LG06	2960001	2980000	0.00525
LG06	2980001	3000000	0.00425
LG06	3000001	3020000	0.0169
LG06	3020001	3040000	0
LG06	3040001	3060000	0.09965
LG06	3060001	3080000	0
LG06	3080001	3100000	0
LG06	3100001	3120000	0.14375
LG06	3120001	3140000	0
LG06	3140001	3160000	0
LG06	3160001	3180000	0.01905
LG06	3180001	3200000	0
LG06	3200001	3220000	0
LG06	3220001	3240000	0.0158
LG06	3240001	3260000	0
LG06	3260001	3280000	0
LG06	3280001	3300000	0.00535
LG06	3300001	3320000	0
LG06	3320001	3340000	0.04175
LG06	3340001	3360000	0
LG06	3360001	3380000	0
LG06	3380001	3400000	0
LG06	3400001	3420000	0
LG06	3420001	3440000	0
LG06	3440001	3460000	0
LG06	3460001	3480000	0
LG06	3480001	3500000	0.01655
LG06	3500001	3520000	0.0353
LG06	3520001	3540000	0
LG06	3540001	3560000	0
LG06	3560001	3580000	0.0862
LG06	3580001	3600000	0.0796
LG06	3600001	3620000	0
LG06	3620001	3640000	0
LG06	3640001	3660000	0.00545
LG06	3660001	3680000	0.0054
LG06	3680001	3700000	0
LG06	3700001	3720000	0.1305
LG06	3720001	3740000	0.0056
LG06	3740001	3760000	0
LG06	3760001	3780000	0
LG06	3780001	3800000	0
LG06	3800001	3820000	0.0093
LG06	3820001	3840000	0.2059
LG06	3840001	3860000	0
LG06	3860001	3880000	0.0132
LG06	3880001	3900000	0
LG06	3900001	3920000	0
LG06	3920001	3940000	0
LG06	3940001	3960000	0.0176
LG06	3960001	3980000	0.0008
LG06	3980001	4000000	0.41815
LG06	4000001	4020000	0.18705
LG06	4020001	4040000	0.018
LG06	4040001	4060000	0
LG06	4060001	4080000	0
LG06	4080001	4100000	0.009
LG06	4100001	4120000	0
LG06	4120001	4140000	0
LG06	4140001	4160000	0.0062
LG06	4160001	4180000	0.0026
LG06	4180001	4200000	0
LG06	4200001	4220000	0
LG06	4220001	4240000	0
LG06	4240001	4260000	0.0208
LG06	4260001	4280000	0
LG06	4280001	4300000	0
LG06	4300001	4320000	0
LG06	4320001	4340000	0
LG06	4340001	4360000	0
LG06	4360001	4380000	0
LG06	4380001	4400000	0
LG06	4400001	4420000	0
LG06	4420001	4440000	0.0055
LG06	4440001	4460000	0.0055
LG06	4460001	4480000	0
LG06	4480001	4500000	0.0227
LG06	4500001	4520000	0.0132
LG06	4520001	4540000	0.0054
LG06	4540001	4560000	0
LG06	4560001	4580000	0
LG06	4580001	4600000	0.03775
LG06	4600001	4620000	0.11345
LG06	4620001	4640000	0.0964
LG06	4640001	4660000	0.0087
LG06	4660001	4680000	0.0024
LG06	4680001	4700000	0.10495
LG06	4700001	4720000	0
LG06	4720001	4740000	0.01075
LG06	4740001	4760000	0.0206
LG06	4760001	4780000	0.0172
LG06	4780001	4800000	0
LG06	4800001	4820000	0
LG06	4820001	4840000	0
LG06	4840001	4860000	0.0233
LG06	4860001	4880000	0.00615
LG06	4880001	4900000	0.0305
LG06	4900001	4920000	0
LG06	4920001	4940000	0.2137
LG06	4940001	4960000	0.0582
LG06	4960001	4980000	0.1982
LG06	4980001	5000000	0
LG06	5000001	5020000	0.04655
LG06	5020001	5040000	0
LG06	5040001	5060000	0
LG06	5060001	5080000	0.0111
LG06	5080001	5100000	0
LG06	5100001	5120000	0.0145
LG06	5120001	5140000	0.0272
LG06	5140001	5160000	0.01385
LG06	5160001	5180000	0.04225
LG06	5180001	5200000	0.0294
LG06	5200001	5220000	0.02175
LG06	5220001	5240000	0.01765
LG06	5240001	5260000	0
LG06	5260001	5280000	0
LG06	5280001	5300000	0
LG06	5300001	5320000	0.00495
LG06	5320001	5340000	0
LG06	5340001	5360000	0.67425
LG06	5360001	5380000	0.1706
LG06	5380001	5400000	0.0367
LG06	5400001	5420000	0.0671
LG06	5420001	5440000	0.01155
LG06	5440001	5460000	0
LG06	5460001	5480000	0.025
LG06	5480001	5500000	0.23295
LG06	5500001	5520000	0
LG06	5520001	5540000	0
LG06	5540001	5560000	0
LG06	5560001	5580000	0
LG06	5580001	5600000	0
LG06	5600001	5620000	0
LG06	5620001	5640000	0
LG06	5640001	5660000	0
LG06	5660001	5680000	0.0054
LG06	5680001	5700000	0
LG06	5700001	5720000	0
LG06	5720001	5740000	0.04655
LG06	5740001	5760000	0
LG06	5760001	5780000	0.0094
LG06	5780001	5800000	0
LG06	5800001	5820000	0.04875
LG06	5820001	5840000	0
LG06	5840001	5860000	0.0054
LG06	5860001	5880000	0
LG06	5880001	5900000	0.01315
LG06	5900001	5920000	0
LG06	5920001	5940000	0
LG06	5940001	5960000	0
LG06	5960001	5980000	0
LG06	5980001	6000000	0.0089
LG06	6000001	6020000	0
LG06	6020001	6040000	0
LG06	6040001	6060000	0
LG06	6060001	6080000	0.00285
LG06	6080001	6100000	0
LG06	6100001	6120000	0
LG06	6120001	6140000	0
LG06	6140001	6160000	0
LG06	6160001	6180000	0.0054
LG06	6180001	6200000	0.00305
LG06	6200001	6220000	0
LG06	6220001	6240000	0
LG06	6240001	6260000	0
LG06	6260001	6280000	0.00565
LG06	6280001	6300000	0
LG06	6300001	6320000	0
LG06	6320001	6340000	0
LG06	6340001	6360000	0
LG06	6360001	6380000	0
LG06	6380001	6400000	0
LG06	6400001	6420000	0.00135
LG06	6420001	6440000	0.0011
LG06	6440001	6460000	0
LG06	6460001	6480000	0.0083
LG06	6480001	6500000	0
LG06	6500001	6520000	0.01385
LG06	6520001	6540000	0.21985
LG06	6540001	6560000	0.0111
LG06	6560001	6580000	0
LG06	6580001	6600000	0.08605
LG06	6600001	6620000	0
LG06	6620001	6640000	0
LG06	6640001	6660000	0.0287
LG06	6660001	6680000	0
LG06	6680001	6700000	0.00215
LG06	6700001	6720000	0.04315
LG06	6720001	6740000	0
LG06	6740001	6760000	0
LG06	6760001	6780000	0
LG06	6780001	6800000	0
LG06	6800001	6820000	0.1236
LG06	6820001	6840000	0
LG06	6840001	6860000	0
LG06	6860001	6880000	0
LG06	6880001	6900000	0
LG06	6900001	6920000	0.10295
LG06	6920001	6940000	0.05965
LG06	6940001	6960000	0
LG06	6960000	6996615	0.0232685164955211
LG07	1	20000	0
LG07	20001	40000	0.0434
LG07	40001	60000	0.0484
LG07	60001	80000	0
LG07	80001	100000	0.03945
LG07	100001	120000	0.00585
LG07	120001	140000	0
LG07	140001	160000	0.00495
LG07	160001	180000	0.5285
LG07	180001	200000	0.2098
LG07	200001	220000	0.1134
LG07	220001	240000	0
LG07	240001	260000	0
LG07	260001	280000	0.0049
LG07	280001	300000	0.6254
LG07	300001	320000	0.1411
LG07	320001	340000	0
LG07	340001	360000	0
LG07	360001	380000	0.01115
LG07	380001	400000	0.04975
LG07	400001	420000	0
LG07	420001	440000	0.0455
LG07	440001	460000	0
LG07	460001	480000	0
LG07	480001	500000	0
LG07	500001	520000	0.0044
LG07	520001	540000	0.2041
LG07	540001	560000	0
LG07	560001	580000	0.00535
LG07	580001	600000	0.00675
LG07	600001	620000	0.0455
LG07	620001	640000	0.0938
LG07	640001	660000	0.0131
LG07	660001	680000	0
LG07	680001	700000	0.0163
LG07	700001	720000	0
LG07	720001	740000	0.0538
LG07	740001	760000	0.0132
LG07	760001	780000	0.2669
LG07	780001	800000	0
LG07	800001	820000	0.02695
LG07	820001	840000	0
LG07	840001	860000	0
LG07	860001	880000	0.0549
LG07	880001	900000	0.3395
LG07	900001	920000	0.033
LG07	920001	940000	0.00835
LG07	940001	960000	0
LG07	960001	980000	0
LG07	980001	1000000	0
LG07	1000001	1020000	0
LG07	1020001	1040000	0
LG07	1040001	1060000	0
LG07	1060001	1080000	0
LG07	1080001	1100000	0
LG07	1100001	1120000	0
LG07	1120001	1140000	0
LG07	1140001	1160000	0
LG07	1160001	1180000	0
LG07	1180001	1200000	0
LG07	1200001	1220000	0
LG07	1220001	1240000	0
LG07	1240001	1260000	0
LG07	1260001	1280000	0
LG07	1280001	1300000	0
LG07	1300001	1320000	0
LG07	1320001	1340000	0
LG07	1340001	1360000	0
LG07	1360001	1380000	0
LG07	1380001	1400000	0
LG07	1400001	1420000	0
LG07	1420001	1440000	0
LG07	1440001	1460000	0
LG07	1460001	1480000	0
LG07	1480001	1500000	0
LG07	1500001	1520000	0
LG07	1520001	1540000	0
LG07	1540001	1560000	0
LG07	1560001	1580000	0
LG07	1580001	1600000	0
LG07	1600001	1620000	0
LG07	1620001	1640000	0
LG07	1640001	1660000	0
LG07	1660001	1680000	0
LG07	1680001	1700000	0
LG07	1700001	1720000	0
LG07	1720001	1740000	0
LG07	1740001	1760000	0
LG07	1760001	1780000	0
LG07	1780001	1800000	0
LG07	1800001	1820000	0
LG07	1820001	1840000	0
LG07	1840001	1860000	0.0052
LG07	1860001	1880000	0
LG07	1880001	1900000	0
LG07	1900001	1920000	0
LG07	1920001	1940000	0
LG07	1940001	1960000	0
LG07	1960001	1980000	0
LG07	1980001	2000000	0
LG07	2000001	2020000	0
LG07	2020001	2040000	0.01365
LG07	2040001	2060000	0
LG07	2060001	2080000	0
LG07	2080001	2100000	0
LG07	2100001	2120000	0
LG07	2120001	2140000	0
LG07	2140001	2160000	0.01805
LG07	2160001	2180000	0
LG07	2180001	2200000	0
LG07	2200001	2220000	0
LG07	2220001	2240000	0
LG07	2240001	2260000	0
LG07	2260001	2280000	0
LG07	2280001	2300000	0.00415
LG07	2300001	2320000	0
LG07	2320001	2340000	0.0152
LG07	2340001	2360000	0
LG07	2360001	2380000	0.0123
LG07	2380001	2400000	0.2278
LG07	2400001	2420000	0.0872
LG07	2420001	2440000	0.0163
LG07	2440001	2460000	0.00495
LG07	2460001	2480000	0.0477
LG07	2480001	2500000	0.01535
LG07	2500001	2520000	0.0132
LG07	2520001	2540000	0.0048
LG07	2540000	2570884	0.0107819329771734
LG08	1	20000	0.0176
LG08	20001	40000	0.0718
LG08	40001	60000	0.02625
LG08	60001	80000	0.02515
LG08	80001	100000	0.04465
LG08	100001	120000	0.04145
LG08	120001	140000	0.00705
LG08	140001	160000	0.00475
LG08	160001	180000	0.0239
LG08	180001	200000	0.0351
LG08	200001	220000	0.051
LG08	220001	240000	0.0892
LG08	240001	260000	0.0206
LG08	260001	280000	0
LG08	280001	300000	0.05865
LG08	300001	320000	0.0135
LG08	320001	340000	0.01475
LG08	340001	360000	0.01115
LG08	360001	380000	0
LG08	380001	400000	0
LG08	400001	420000	0
LG08	420001	440000	0.01555
LG08	440001	460000	0.047
LG08	460001	480000	0
LG08	480001	500000	0
LG08	500001	520000	0
LG08	520001	540000	0
LG08	540001	560000	0
LG08	560001	580000	0
LG08	580001	600000	0
LG08	600001	620000	0
LG08	620001	640000	0
LG08	640001	660000	0
LG08	660001	680000	0
LG08	680001	700000	0
LG08	700001	720000	0
LG08	720001	740000	0
LG08	740001	760000	0
LG08	760001	780000	0
LG08	780001	800000	0
LG08	800001	820000	0
LG08	820001	840000	0
LG08	840001	860000	0.048
LG08	860001	880000	0.0686
LG08	880001	900000	0.0582
LG08	900001	920000	0.06645
LG08	920001	940000	0.04025
LG08	940001	960000	0.02715
LG08	960001	980000	0.1018
LG08	980001	1000000	0.00345
LG08	1000001	1020000	0
LG08	1020001	1040000	0
LG08	1040001	1060000	0
LG08	1060001	1080000	0
LG08	1080001	1100000	0
LG08	1100001	1120000	0
LG08	1120001	1140000	0
LG08	1140001	1160000	0
LG08	1160001	1180000	0
LG08	1180001	1200000	0.052
LG08	1200001	1220000	0
LG08	1220001	1240000	0
LG08	1240001	1260000	0.0843
LG08	1260001	1280000	0
LG08	1280001	1300000	0.0093
LG08	1300001	1320000	0.00285
LG08	1320001	1340000	0.0032
LG08	1340001	1360000	0
LG08	1360001	1380000	0
LG08	1380001	1400000	0
LG08	1400001	1420000	0
LG08	1420001	1440000	0
LG08	1440001	1460000	0
LG08	1460001	1480000	0
LG08	1480001	1500000	0
LG08	1500001	1520000	0
LG08	1520001	1540000	0
LG08	1540001	1560000	0
LG08	1560001	1580000	0
LG08	1580001	1600000	0.0053
LG08	1600001	1620000	0
LG08	1620001	1640000	0.00825
LG08	1640001	1660000	0
LG08	1660001	1680000	0
LG08	1680001	1700000	0
LG08	1700001	1720000	0.0116
LG08	1720001	1740000	0.19475
LG08	1740001	1760000	0.71335
LG08	1760001	1780000	0.0221
LG08	1780001	1800000	0
LG08	1800001	1820000	0
LG08	1820001	1840000	0
LG08	1840001	1860000	0
LG08	1860001	1880000	0
LG08	1880001	1900000	0.00605
LG08	1900001	1920000	0.0418
LG08	1920001	1940000	0.54135
LG08	1940001	1960000	0.13995
LG08	1960001	1980000	0.0299
LG08	1980001	2000000	0.0127
LG08	2000001	2020000	0.7096
LG08	2020001	2040000	0.02265
LG08	2040001	2060000	0.04785
LG08	2060001	2080000	0
LG08	2080001	2100000	0
LG08	2100001	2120000	0.0073
LG08	2120001	2140000	0.00565
LG08	2140001	2160000	0
LG08	2160001	2180000	0
LG08	2180001	2200000	0.01805
LG08	2200001	2220000	0
LG08	2220001	2240000	0
LG08	2240001	2260000	0
LG08	2260001	2280000	0.1728
LG08	2280001	2300000	0.06455
LG08	2300001	2320000	0
LG08	2320001	2340000	0
LG08	2340001	2360000	0
LG08	2360001	2380000	0
LG08	2380001	2400000	0
LG08	2400001	2420000	0
LG08	2420001	2440000	0.25555
LG08	2440001	2460000	0
LG08	2460001	2480000	0.03105
LG08	2480001	2500000	0.26435
LG08	2500001	2520000	0.0133
LG08	2520001	2540000	0
LG08	2540001	2560000	0.04655
LG08	2560001	2580000	0.08895
LG08	2580001	2600000	0
LG08	2600001	2620000	0
LG08	2620001	2640000	0.65775
LG08	2640001	2660000	0.11365
LG08	2660001	2680000	0.02135
LG08	2680001	2700000	0.30865
LG08	2700001	2720000	0.5853
LG08	2720001	2740000	0.3063
LG08	2740001	2760000	0.6061
LG08	2760001	2780000	0.04325
LG08	2780001	2800000	0.3294
LG08	2800001	2820000	0.54535
LG08	2820001	2840000	0.27815
LG08	2840001	2860000	0.35655
LG08	2860001	2880000	0.1709
LG08	2880001	2900000	0.0315
LG08	2900001	2920000	0.4184
LG08	2920001	2940000	0.3764
LG08	2940001	2960000	0.36725
LG08	2960001	2980000	0.32345
LG08	2980001	3000000	0.0645
LG08	3000001	3020000	0.0016
LG08	3020001	3040000	0.28225
LG08	3040001	3060000	0.6329
LG08	3060001	3080000	0.5116
LG08	3080001	3100000	0.44955
LG08	3100001	3120000	0.30585
LG08	3120001	3140000	0.09685
LG08	3140001	3160000	0.48835
LG08	3160001	3180000	0.2061
LG08	3180001	3200000	0.00205
LG08	3200001	3220000	0.15545
LG08	3220001	3240000	0.61745
LG08	3240001	3260000	0.1076
LG08	3260001	3280000	0.68165
LG08	3280001	3300000	0.4491
LG08	3300001	3320000	0.31045
LG08	3320001	3340000	0
LG08	3340001	3360000	0.0029
LG08	3360001	3380000	0.02745
LG08	3380001	3400000	0.05695
LG08	3400001	3420000	0
LG08	3420001	3440000	0.1352
LG08	3440001	3460000	0.13135
LG08	3460001	3480000	0.06165
LG08	3480001	3500000	0.1093
LG08	3500001	3520000	0
LG08	3520001	3540000	0.31935
LG08	3540001	3560000	0.59705
LG08	3560001	3580000	0
LG08	3580001	3600000	0.06645
LG08	3600001	3620000	0.1114
LG08	3620001	3640000	0.1033
LG08	3640001	3660000	0
LG08	3660001	3680000	0
LG08	3680001	3700000	0
LG08	3700001	3720000	0.01405
LG08	3720001	3740000	0.00985
LG08	3740001	3760000	0
LG08	3760001	3780000	0.0673
LG08	3780001	3800000	0
LG08	3800001	3820000	0
LG08	3820001	3840000	0.01645
LG08	3840001	3860000	0.0781
LG08	3860001	3880000	0.07205
LG08	3880001	3900000	0.12205
LG08	3900001	3920000	0.06125
LG08	3920001	3940000	0.03015
LG08	3940001	3960000	0.005
LG08	3960001	3980000	0.0616
LG08	3980001	4000000	0.06865
LG08	4000001	4020000	0
LG08	4020001	4040000	0.01695
LG08	4040001	4060000	0
LG08	4060001	4080000	0
LG08	4080001	4100000	0.0232
LG08	4100001	4120000	0.13765
LG08	4120001	4140000	0.16375
LG08	4140001	4160000	0.0132
LG08	4160001	4180000	0
LG08	4180001	4200000	0.44695
LG08	4200001	4220000	0.31
LG08	4220001	4240000	0.16155
LG08	4240001	4260000	0.18655
LG08	4260001	4280000	0.07505
LG08	4280001	4300000	0.6649
LG08	4300001	4320000	0.3949
LG08	4320001	4340000	0.5802
LG08	4340001	4360000	0.00255
LG08	4360001	4380000	0.1249
LG08	4380001	4400000	0.28575
LG08	4400001	4420000	0.3745
LG08	4420001	4440000	0.05965
LG08	4440001	4460000	0.20295
LG08	4460001	4480000	0.41085
LG08	4480001	4500000	0.0018
LG08	4500001	4520000	0
LG08	4520001	4540000	0
LG08	4540001	4560000	0.3171
LG08	4560001	4580000	0.237
LG08	4580001	4600000	0.3908
LG08	4600001	4620000	0.05115
LG08	4620001	4640000	0.00275
LG08	4640001	4660000	0.1964
LG08	4660001	4680000	0.04845
LG08	4680000	4716897	0.136294650116537
LG09	1	20000	0.00565
LG09	20001	40000	0.2205
LG09	40001	60000	0
LG09	60001	80000	0.0528
LG09	80001	100000	0.0042
LG09	100001	120000	0
LG09	120001	140000	0
LG09	140001	160000	0
LG09	160001	180000	0.0895
LG09	180001	200000	0.0426
LG09	200001	220000	0
LG09	220001	240000	0.0058
LG09	240001	260000	0.19675
LG09	260001	280000	0
LG09	280001	300000	0.58715
LG09	300001	320000	0.0737
LG09	320001	340000	0.0038
LG09	340001	360000	0.23035
LG09	360001	380000	0
LG09	380001	400000	0.0382
LG09	400001	420000	0.163
LG09	420001	440000	0.06585
LG09	440001	460000	0.06615
LG09	460001	480000	0.1626
LG09	480001	500000	0
LG09	500001	520000	0
LG09	520001	540000	0.23875
LG09	540001	560000	0.25505
LG09	560001	580000	0.14275
LG09	580001	600000	0
LG09	600001	620000	0
LG09	620001	640000	0.0334
LG09	640001	660000	0.0132
LG09	660001	680000	0
LG09	680001	700000	0
LG09	700001	720000	0.06555
LG09	720001	740000	0
LG09	740001	760000	0
LG09	760001	780000	0
LG09	780001	800000	0
LG09	800001	820000	0
LG09	820001	840000	0
LG09	840001	860000	0
LG09	860001	880000	0.1469
LG09	880001	900000	0.06965
LG09	900001	920000	0
LG09	920001	940000	0
LG09	940001	960000	0
LG09	960001	980000	0
LG09	980001	1000000	0.00475
LG09	1000001	1020000	0
LG09	1020001	1040000	0
LG09	1040001	1060000	0
LG09	1060001	1080000	0
LG09	1080001	1100000	0
LG09	1100001	1120000	0
LG09	1120001	1140000	0
LG09	1140001	1160000	0.00565
LG09	1160001	1180000	0
LG09	1180001	1200000	0
LG09	1200001	1220000	0
LG09	1220001	1240000	0
LG09	1240001	1260000	0
LG09	1260001	1280000	0
LG09	1280001	1300000	0
LG09	1300001	1320000	0
LG09	1320001	1340000	0
LG09	1340001	1360000	0
LG09	1360001	1380000	0
LG09	1380001	1400000	0.00295
LG09	1400001	1420000	0
LG09	1420001	1440000	0
LG09	1440001	1460000	0
LG09	1460001	1480000	0
LG09	1480001	1500000	0
LG09	1500001	1520000	0
LG09	1520001	1540000	0.0092
LG09	1540001	1560000	0
LG09	1560001	1580000	0
LG09	1580001	1600000	0
LG09	1600001	1620000	0
LG09	1620001	1640000	0
LG09	1640001	1660000	0
LG09	1660001	1680000	0
LG09	1680001	1700000	0
LG09	1700001	1720000	0
LG09	1720001	1740000	0.0005
LG09	1740001	1760000	0.0372
LG09	1760001	1780000	0.12285
LG09	1780001	1800000	0.1055
LG09	1800001	1820000	0.01975
LG09	1820001	1840000	0.17235
LG09	1840001	1860000	0.2299
LG09	1860001	1880000	0
LG09	1880001	1900000	0.003
LG09	1900001	1920000	0
LG09	1920001	1940000	0.06545
LG09	1940001	1960000	0.0064
LG09	1960001	1980000	0.14555
LG09	1980001	2000000	0
LG09	2000001	2020000	0.0586
LG09	2020001	2040000	0
LG09	2040001	2060000	0.17745
LG09	2060001	2080000	0.00535
LG09	2080001	2100000	0.0078
LG09	2100001	2120000	0
LG09	2120001	2140000	0
LG09	2140001	2160000	0.1158
LG09	2160001	2180000	0.2495
LG09	2180001	2200000	0
LG09	2200001	2220000	0.00635
LG09	2220001	2240000	0
LG09	2240001	2260000	0.14155
LG09	2260001	2280000	0
LG09	2280001	2300000	0.08425
LG09	2300001	2320000	0
LG09	2320001	2340000	0
LG09	2340001	2360000	0
LG09	2360001	2380000	0.0277
LG09	2380001	2400000	0.0093
LG09	2400001	2420000	0.0692
LG09	2420001	2440000	0.20415
LG09	2440001	2460000	0.1739
LG09	2460001	2480000	0.43215
LG09	2480001	2500000	0
LG09	2500001	2520000	0.17065
LG09	2520001	2540000	0
LG09	2540001	2560000	0.23965
LG09	2560001	2580000	0
LG09	2580001	2600000	0.2468
LG09	2600001	2620000	0
LG09	2620001	2640000	0.0182
LG09	2640001	2660000	0.1325
LG09	2660001	2680000	0.23965
LG09	2680001	2700000	0
LG09	2700001	2720000	0
LG09	2720001	2740000	0.04305
LG09	2740001	2760000	0.1967
LG09	2760001	2780000	0.03645
LG09	2780001	2800000	0.20125
LG09	2800001	2820000	0
LG09	2820001	2840000	0.04235
LG09	2840001	2860000	0
LG09	2860001	2880000	0.23815
LG09	2880001	2900000	0.18045
LG09	2900001	2920000	0.05325
LG09	2920001	2940000	0
LG09	2940000	2975832	0.00558144726927692
LG10	1	20000	0
LG10	20001	40000	0.25085
LG10	40001	60000	0.02405
LG10	60001	80000	0.00175
LG10	80001	100000	0
LG10	100001	120000	0.3806
LG10	120001	140000	0.18015
LG10	140001	160000	0
LG10	160001	180000	0
LG10	180001	200000	0.0259
LG10	200001	220000	0.00425
LG10	220001	240000	0.02975
LG10	240001	260000	0
LG10	260001	280000	0
LG10	280001	300000	0.0015
LG10	300001	320000	0.01045
LG10	320001	340000	0
LG10	340001	360000	0.24105
LG10	360001	380000	0.14115
LG10	380001	400000	0
LG10	400001	420000	0.022
LG10	420001	440000	0.12195
LG10	440001	460000	0.0766
LG10	460001	480000	0.00065
LG10	480001	500000	0.17935
LG10	500001	520000	0.22085
LG10	520001	540000	0.016
LG10	540001	560000	0.03475
LG10	560001	580000	0
LG10	580001	600000	0.24575
LG10	600001	620000	0.01995
LG10	620001	640000	0.05795
LG10	640001	660000	0
LG10	660001	680000	0.05325
LG10	680001	700000	0.07125
LG10	700001	720000	0.0015
LG10	720001	740000	0
LG10	740001	760000	0.03795
LG10	760001	780000	0.12075
LG10	780001	800000	0
LG10	800001	820000	0
LG10	820001	840000	0.0421
LG10	840001	860000	0.0142
LG10	860001	880000	0
LG10	880001	900000	0.09205
LG10	900001	920000	0
LG10	920001	940000	0.0032
LG10	940001	960000	0.5624
LG10	960001	980000	0.01475
LG10	980001	1000000	0
LG10	1000001	1020000	0
LG10	1020001	1040000	0.0745
LG10	1040001	1060000	0
LG10	1060001	1080000	0
LG10	1080001	1100000	0.0023
LG10	1100001	1120000	0
LG10	1120001	1140000	0
LG10	1140001	1160000	0.00555
LG10	1160001	1180000	0
LG10	1180001	1200000	0
LG10	1200001	1220000	0
LG10	1220001	1240000	0
LG10	1240001	1260000	0
LG10	1260001	1280000	0
LG10	1280001	1300000	0
LG10	1300001	1320000	0.00585
LG10	1320001	1340000	0.01915
LG10	1340001	1360000	0.00205
LG10	1360001	1380000	0
LG10	1380001	1400000	0
LG10	1400001	1420000	0
LG10	1420001	1440000	0.00545
LG10	1440001	1460000	0
LG10	1460001	1480000	0
LG10	1480001	1500000	0
LG10	1500001	1520000	0
LG10	1520001	1540000	0
LG10	1540001	1560000	0
LG10	1560001	1580000	0
LG10	1580001	1600000	0
LG10	1600001	1620000	0
LG10	1620001	1640000	0
LG10	1640001	1660000	0
LG10	1660001	1680000	0
LG10	1680001	1700000	0.00965
LG10	1700001	1720000	0
LG10	1720001	1740000	0.0827
LG10	1740001	1760000	0
LG10	1760001	1780000	0.0451
LG10	1780001	1800000	0
LG10	1800001	1820000	0.08155
LG10	1820001	1840000	0
LG10	1840001	1860000	0
LG10	1860001	1880000	0.0079
LG10	1880001	1900000	0.00545
LG10	1900001	1920000	0
LG10	1920001	1940000	0.2713
LG10	1940001	1960000	0
LG10	1960001	1980000	0
LG10	1980001	2000000	0
LG10	2000001	2020000	0.0093
LG10	2020001	2040000	0.05665
LG10	2040001	2060000	0
LG10	2060001	2080000	0
LG10	2080001	2100000	0
LG10	2100001	2120000	0
LG10	2120001	2140000	0
LG10	2140000	2174544	0.00578954986249819
LG11	1	20000	0
LG11	20001	40000	0.087
LG11	40001	60000	0.1526
LG11	60001	80000	0
LG11	80001	100000	0.00585
LG11	100001	120000	0
LG11	120001	140000	0
LG11	140001	160000	0
LG11	160001	180000	0
LG11	180001	200000	0.00875
LG11	200001	220000	0
LG11	220001	240000	0.0183
LG11	240001	260000	0
LG11	260001	280000	0
LG11	280001	300000	0
LG11	300001	320000	0.01235
LG11	320001	340000	0.00565
LG11	340001	360000	0.0223
LG11	360001	380000	0.01805
LG11	380001	400000	0
LG11	400001	420000	0
LG11	420001	440000	0
LG11	440001	460000	0
LG11	460001	480000	0
LG11	480001	500000	0
LG11	500001	520000	0
LG11	520001	540000	0
LG11	540001	560000	0
LG11	560001	580000	0
LG11	580001	600000	0.00645
LG11	600001	620000	0
LG11	620001	640000	0
LG11	640001	660000	0
LG11	660001	680000	0
LG11	680001	700000	0
LG11	700001	720000	0
LG11	720001	740000	0
LG11	740001	760000	0
LG11	760001	780000	0
LG11	780001	800000	0
LG11	800001	820000	0.00555
LG11	820001	840000	0
LG11	840001	860000	0
LG11	860001	880000	0.0141
LG11	880001	900000	0
LG11	900001	920000	0
LG11	920001	940000	0
LG11	940001	960000	0
LG11	960001	980000	0.01105
LG11	980001	1000000	0
LG11	1000001	1020000	0
LG11	1020001	1040000	0
LG11	1040001	1060000	0
LG11	1060001	1080000	0.0055
LG11	1080001	1100000	0
LG11	1100001	1120000	0
LG11	1120001	1140000	0
LG11	1140001	1160000	0
LG11	1160001	1180000	0.0421
LG11	1180001	1200000	0
LG11	1200001	1220000	0.0112
LG11	1220001	1240000	0
LG11	1240001	1260000	0
LG11	1260001	1280000	0
LG11	1280001	1300000	0
LG11	1300001	1320000	0
LG11	1320001	1340000	0
LG11	1340001	1360000	0
LG11	1360001	1380000	0.0855
LG11	1380001	1400000	0.0612
LG11	1400001	1420000	0
LG11	1420001	1440000	0
LG11	1440001	1460000	0
LG11	1460001	1480000	0.06005
LG11	1480001	1500000	0.05645
LG11	1500001	1520000	0
LG11	1520001	1540000	0.0414
LG11	1540001	1560000	0.15165
LG11	1560001	1580000	0.1712
LG11	1580001	1600000	0.3394
LG11	1600001	1620000	0.04005
LG11	1620001	1640000	0.0093
LG11	1640001	1660000	0
LG11	1660001	1680000	0
LG11	1680001	1700000	0
LG11	1700001	1720000	0.08425
LG11	1720001	1740000	0
LG11	1740001	1760000	0.0056
LG11	1760001	1780000	0.01885
LG11	1780001	1800000	0
LG11	1800001	1820000	0.0026
LG11	1820001	1840000	0.0138
LG11	1840001	1860000	0
LG11	1860001	1880000	0.0298
LG11	1880001	1900000	0
LG11	1900001	1920000	0.0726
LG11	1920001	1940000	0
LG11	1940001	1960000	0.01325
LG11	1960001	1980000	0
LG11	1980001	2000000	0
LG11	2000001	2020000	0
LG11	2020001	2040000	0
LG11	2040001	2060000	0.00375
LG11	2060001	2080000	0
LG11	2080001	2100000	0
LG11	2100001	2120000	0.0386
LG11	2120001	2140000	0
LG11	2140001	2160000	0.0097
LG11	2160001	2180000	0
LG11	2180001	2200000	0.02105
LG11	2200000	2228230	0.00708441075413553
