LG00	1	20000	0.0003
LG00	20001	40000	0.0107
LG00	40001	60000	0.0396
LG00	60001	80000	0.0435
LG00	80001	100000	0.0324
LG00	100001	120000	0.0412
LG00	120001	140000	0.0091
LG00	140001	160000	0.0041
LG00	160001	180000	0.0261
LG00	180001	200000	0.0201
LG00	200001	220000	0.0131
LG00	220001	240000	0.0364
LG00	240001	260000	0.0127
LG00	260001	280000	0.0005
LG00	280001	300000	0.0285
LG00	300001	320000	0.0136
LG00	320001	340000	0.0081
LG00	340001	360000	0.0143
LG00	360001	380000	0.023
LG00	380001	400000	0.0102
LG00	400001	420000	0.017
LG00	420001	440000	0.0164
LG00	440001	460000	0.03575
LG00	460001	480000	0.0371
LG00	480001	500000	0.021
LG00	500001	520000	0.0131
LG00	520001	540000	0.0185
LG00	540001	560000	0.0117
LG00	560001	580000	0.0114
LG00	580001	600000	0.0437
LG00	600001	620000	0.0513
LG00	620001	640000	0.0562
LG00	640001	660000	0.0443
LG00	660001	680000	0.0476
LG00	680001	700000	0.0515
LG00	700001	720000	0.0372
LG00	720001	740000	0.0414
LG00	740001	760000	0.0501
LG00	760001	780000	0.0471
LG00	780001	800000	0.0519
LG00	800001	820000	0.0457
LG00	820001	840000	0.0516
LG00	840001	860000	0.0442
LG00	860001	880000	0.0504
LG00	880001	900000	0.052
LG00	900001	920000	0.0567
LG00	920001	940000	0.0468
LG00	940001	960000	0.037
LG00	960001	980000	0.0027
LG00	980001	1000000	0.0146
LG00	1000001	1020000	0.014
LG00	1020001	1040000	0.0082
LG00	1040001	1060000	0.0248
LG00	1060001	1080000	0.051
LG00	1080001	1100000	0.0509
LG00	1100001	1120000	0.0538
LG00	1120001	1140000	0.0519
LG00	1140001	1160000	0.0557
LG00	1160001	1180000	0.0514
LG00	1180001	1200000	0.0509
LG00	1200001	1220000	0.0528
LG00	1220001	1240000	0.0522
LG00	1240001	1260000	0.0521
LG00	1260001	1280000	0.0504
LG00	1280001	1300000	0.0545
LG00	1300001	1320000	0.0567
LG00	1320001	1340000	0.0197
LG00	1340001	1360000	0.0318
LG00	1360001	1380000	0.0312
LG00	1380001	1400000	0.0091
LG00	1400001	1420000	0.0525
LG00	1420001	1440000	0.0522
LG00	1440001	1460000	0.0509
LG00	1460001	1480000	0.0514
LG00	1480001	1500000	0.0541
LG00	1500001	1520000	0.0489
LG00	1520001	1540000	0.0516
LG00	1540001	1560000	0.05455
LG00	1560001	1580000	0.055
LG00	1580001	1600000	0.0575
LG00	1600001	1620000	0.0526
LG00	1620001	1640000	0.0521
LG00	1640001	1660000	0.0499
LG00	1660001	1680000	0.0497
LG00	1680001	1700000	0.05335
LG00	1700001	1720000	0.048
LG00	1720001	1740000	0.0524
LG00	1740001	1760000	0.0544
LG00	1760001	1780000	0.0511
LG00	1780001	1800000	0.0519
LG00	1800001	1820000	0.0549
LG00	1820001	1840000	0.0566
LG00	1840001	1860000	0.0385
LG00	1860001	1880000	0.0345
LG00	1880001	1900000	0.0424
LG00	1900001	1920000	0.0543
LG00	1920001	1940000	0.0576
LG00	1940001	1960000	0.0496
LG00	1960001	1980000	0.0531
LG00	1980001	2000000	0.0495
LG00	2000001	2020000	0.0527
LG00	2020001	2040000	0.0492
LG00	2040001	2060000	0.0549
LG00	2060001	2080000	0.052
LG00	2080001	2100000	0.0513
LG00	2100001	2120000	0.0524
LG00	2120001	2140000	0.0554
LG00	2140001	2160000	0.055
LG00	2160001	2180000	0.0514
LG00	2180001	2200000	0.0511
LG00	2200001	2220000	0.0518
LG00	2220001	2240000	0.0539
LG00	2240001	2260000	0.0469
LG00	2260001	2280000	0.054
LG00	2280001	2300000	0.0558
LG00	2300001	2320000	0.0536
LG00	2320001	2340000	0.0499
LG00	2340001	2360000	0.0542
LG00	2360001	2380000	0.0505
LG00	2380001	2400000	0.0564
LG00	2400001	2420000	0.0542
LG00	2420001	2440000	0.0512
LG00	2440001	2460000	0.0491
LG00	2460001	2480000	0.0509
LG00	2480001	2500000	0.0551
LG00	2500001	2520000	0.0492
LG00	2520001	2540000	0.0419
LG00	2540001	2560000	0.0506
LG00	2560001	2580000	0.0517
LG00	2580001	2600000	0.0517
LG00	2600001	2620000	0.0499
LG00	2620001	2640000	0.051
LG00	2640001	2660000	0.0529
LG00	2660001	2680000	0.0517
LG00	2680001	2700000	0.0506
LG00	2700001	2720000	0.0532
LG00	2720001	2740000	0.0523
LG00	2740001	2760000	0.0419
LG00	2760001	2780000	0.0512
LG00	2780001	2800000	0.0534
LG00	2800001	2820000	0.0489
LG00	2820001	2840000	0.0524
LG00	2840001	2860000	0.0467
LG00	2860001	2880000	0.0474
LG00	2880001	2900000	0.0473
LG00	2900001	2920000	0.0463
LG00	2920001	2940000	0.0033
LG00	2940001	2960000	0.0036
LG00	2960001	2980000	0.0021
LG00	2980001	3000000	0.0458
LG00	3000001	3020000	0.0331
LG00	3020001	3040000	0.0429
LG00	3040001	3060000	0.0386
LG00	3060001	3080000	0.0504
LG00	3080001	3100000	0.0505
LG00	3100001	3120000	0.0305
LG00	3120001	3140000	0.0143
LG00	3140001	3160000	0.0004
LG00	3160001	3180000	0.0029
LG00	3180001	3200000	0.044
LG00	3200001	3220000	0.0492
LG00	3220001	3240000	0.0502
LG00	3240001	3260000	0.0337
LG00	3260001	3280000	0.0308
LG00	3280001	3300000	0.0482
LG00	3300001	3320000	0.036
LG00	3320001	3340000	0.0334
LG00	3340001	3360000	0.0482
LG00	3360001	3380000	0.0408
LG00	3380001	3400000	0.0454
LG00	3400001	3420000	0.018
LG00	3420001	3440000	0.0516
LG00	3440001	3460000	0.0194
LG00	3460001	3480000	0.0071
LG00	3480001	3500000	0.009
LG00	3500001	3520000	0.0228
LG00	3520001	3540000	0.0075
LG00	3540001	3560000	0.0121
LG00	3560001	3580000	0.0169
LG00	3580001	3600000	0.0012
LG00	3600001	3620000	0.006
LG00	3620001	3640000	0.01225
LG00	3640001	3660000	0.0161
LG00	3660001	3680000	0.0042
LG00	3680001	3700000	0.015
LG00	3700001	3720000	0.0186
LG00	3720001	3740000	0.0034
LG00	3740000	3763241	0.0158334050425953
LG01	1	20000	0
LG01	20001	40000	0
LG01	40001	60000	0.0011
LG01	60001	80000	0.0236
LG01	80001	100000	0.0476
LG01	100001	120000	0.0431
LG01	120001	140000	0.0469
LG01	140001	160000	0.043
LG01	160001	180000	0.0179
LG01	180001	200000	0.03235
LG01	200001	220000	0.0379
LG01	220001	240000	0.0292
LG01	240001	260000	0.0316
LG01	260001	280000	0.0425
LG01	280001	300000	0.0435
LG01	300001	320000	0.015
LG01	320001	340000	0.022
LG01	340001	360000	0.0407
LG01	360001	380000	0.0424
LG01	380001	400000	0.0499
LG01	400001	420000	0.0481
LG01	420001	440000	0.045
LG01	440001	460000	0.05
LG01	460001	480000	0.05005
LG01	480001	500000	0.0422
LG01	500001	520000	0.0492
LG01	520001	540000	0.0507
LG01	540001	560000	0.04815
LG01	560001	580000	0.0465
LG01	580001	600000	0.0515
LG01	600001	620000	0.0471
LG01	620001	640000	0.0492
LG01	640001	660000	0.0516
LG01	660001	680000	0.0442
LG01	680001	700000	0.0465
LG01	700001	720000	0.0446
LG01	720001	740000	0.0455
LG01	740001	760000	0.0467
LG01	760001	780000	0.0471
LG01	780001	800000	0.0469
LG01	800001	820000	0.0466
LG01	820001	840000	0.0477
LG01	840001	860000	0.0465
LG01	860001	880000	0.0458
LG01	880001	900000	0.04755
LG01	900001	920000	0.0494
LG01	920001	940000	0.0474
LG01	940001	960000	0.0424
LG01	960001	980000	0.0483
LG01	980001	1000000	0.0428
LG01	1000001	1020000	0.0491
LG01	1020001	1040000	0.047
LG01	1040001	1060000	0.0454
LG01	1060001	1080000	0.0466
LG01	1080001	1100000	0.0492
LG01	1100001	1120000	0.0548
LG01	1120001	1140000	0.0527
LG01	1140001	1160000	0.0544
LG01	1160001	1180000	0.05325
LG01	1180001	1200000	0.0526
LG01	1200001	1220000	0.05255
LG01	1220001	1240000	0.0472
LG01	1240001	1260000	0.0588
LG01	1260001	1280000	0.0534
LG01	1280001	1300000	0.0515
LG01	1300001	1320000	0.0488
LG01	1320001	1340000	0.0539
LG01	1340001	1360000	0.056
LG01	1360001	1380000	0.046
LG01	1380001	1400000	0.0526
LG01	1400001	1420000	0.0501
LG01	1420001	1440000	0.0502
LG01	1440001	1460000	0.0517
LG01	1460001	1480000	0.0495
LG01	1480001	1500000	0.0497
LG01	1500001	1520000	0.053
LG01	1520001	1540000	0.0519
LG01	1540001	1560000	0.0528
LG01	1560001	1580000	0.0489
LG01	1580001	1600000	0.0459
LG01	1600001	1620000	0.0535
LG01	1620001	1640000	0.0495
LG01	1640001	1660000	0.0538
LG01	1660001	1680000	0.0513
LG01	1680001	1700000	0.0463
LG01	1700001	1720000	0.0501
LG01	1720001	1740000	0.0473
LG01	1740001	1760000	0.0424
LG01	1760001	1780000	0.0497
LG01	1780001	1800000	0.051
LG01	1800001	1820000	0.0485
LG01	1820001	1840000	0.04835
LG01	1840001	1860000	0.0475
LG01	1860001	1880000	0.0462
LG01	1880001	1900000	0.0494
LG01	1900001	1920000	0.027
LG01	1920001	1940000	0.0436
LG01	1940001	1960000	0.0532
LG01	1960001	1980000	0.0478
LG01	1980001	2000000	0.0451
LG01	2000001	2020000	0.0495
LG01	2020001	2040000	0.0251
LG01	2040001	2060000	0.0071
LG01	2060001	2080000	0.0073
LG01	2080001	2100000	0.0131
LG01	2100001	2120000	0.0037
LG01	2120001	2140000	0.0386
LG01	2140001	2160000	0.0555
LG01	2160001	2180000	0.0496
LG01	2180001	2200000	0.0592
LG01	2200001	2220000	0.05435
LG01	2220001	2240000	0.052
LG01	2240001	2260000	0.0462
LG01	2260001	2280000	0.0526
LG01	2280001	2300000	0.05
LG01	2300001	2320000	0.0503
LG01	2320001	2340000	0.0543
LG01	2340001	2360000	0.049
LG01	2360001	2380000	0.0502
LG01	2380001	2400000	0.0572
LG01	2400001	2420000	0.0517
LG01	2420001	2440000	0.0519
LG01	2440001	2460000	0.05085
LG01	2460001	2480000	0.0494
LG01	2480001	2500000	0.044
LG01	2500001	2520000	0.0497
LG01	2520001	2540000	0.0511
LG01	2540001	2560000	0.0508
LG01	2560001	2580000	0.0487
LG01	2580001	2600000	0.0479
LG01	2600001	2620000	0.0492
LG01	2620001	2640000	0.0525
LG01	2640001	2660000	0.0506
LG01	2660001	2680000	0.046
LG01	2680001	2700000	0.0539
LG01	2700001	2720000	0.0484
LG01	2720001	2740000	0.0508
LG01	2740001	2760000	0.0459
LG01	2760001	2780000	0.0499
LG01	2780001	2800000	0.0508
LG01	2800001	2820000	0.0487
LG01	2820001	2840000	0.0526
LG01	2840001	2860000	0.0522
LG01	2860001	2880000	0.0433
LG01	2880001	2900000	0.0539
LG01	2900001	2920000	0.0486
LG01	2920001	2940000	0.0492
LG01	2940001	2960000	0.0448
LG01	2960001	2980000	0.0516
LG01	2980001	3000000	0.0427
LG01	3000001	3020000	0.0473
LG01	3020001	3040000	0.0402
LG01	3040001	3060000	0.0491
LG01	3060001	3080000	0.0381
LG01	3080001	3100000	0.05045
LG01	3100001	3120000	0.0416
LG01	3120001	3140000	0.0517
LG01	3140001	3160000	0.0468
LG01	3160001	3180000	0.0203
LG01	3180001	3200000	0.0101
LG01	3200001	3220000	0.0161
LG01	3220001	3240000	0.001
LG01	3240001	3260000	0.0195
LG01	3260001	3280000	0.0052
LG01	3280001	3300000	0.0057
LG01	3300001	3320000	0.0283
LG01	3320001	3340000	0.0027
LG01	3340001	3360000	0.0037
LG01	3360001	3380000	0.0073
LG01	3380001	3400000	0.013
LG01	3400001	3420000	0.0106
LG01	3420001	3440000	0.0338
LG01	3440001	3460000	0.0398
LG01	3460001	3480000	0.0161
LG01	3480001	3500000	0.0074
LG01	3500001	3520000	0.013
LG01	3520001	3540000	0.0251
LG01	3540001	3560000	0.0477
LG01	3560001	3580000	0.0475
LG01	3580001	3600000	0.0326
LG01	3600001	3620000	0.0104
LG01	3620001	3640000	0.0134
LG01	3640001	3660000	0.0191
LG01	3660001	3680000	0.0347
LG01	3680001	3700000	0.047
LG01	3700001	3720000	0.023
LG01	3720001	3740000	0.0092
LG01	3740001	3760000	0.0055
LG01	3760001	3780000	0.0152
LG01	3780001	3800000	0.0483
LG01	3800001	3820000	0.0468
LG01	3820001	3840000	0.0509
LG01	3840001	3860000	0.0478
LG01	3860001	3880000	0.0254
LG01	3880001	3900000	0.0469
LG01	3900001	3920000	0.04825
LG01	3920001	3940000	0.0522
LG01	3940001	3960000	0.0452
LG01	3960001	3980000	0.0421
LG01	3980001	4000000	0.0473
LG01	4000001	4020000	0.0461
LG01	4020001	4040000	0.0492
LG01	4040001	4060000	0.048
LG01	4060001	4080000	0.0426
LG01	4080001	4100000	0.0502
LG01	4100001	4120000	0.0484
LG01	4120001	4140000	0.0473
LG01	4140001	4160000	0.0466
LG01	4160001	4180000	0.0411
LG01	4180001	4200000	0.0474
LG01	4200001	4220000	0.05095
LG01	4220001	4240000	0.052
LG01	4240001	4260000	0.0455
LG01	4260001	4280000	0.0517
LG01	4280001	4300000	0.0469
LG01	4300001	4320000	0.049
LG01	4320001	4340000	0.0522
LG01	4340001	4360000	0.0486
LG01	4360001	4380000	0.0526
LG01	4380001	4400000	0.0582
LG01	4400001	4420000	0.049
LG01	4420001	4440000	0.046
LG01	4440001	4460000	0.0515
LG01	4460001	4480000	0.0516
LG01	4480001	4500000	0.0473
LG01	4500001	4520000	0.0455
LG01	4520001	4540000	0.0542
LG01	4540001	4560000	0.05255
LG01	4560001	4580000	0.0479
LG01	4580001	4600000	0.0502
LG01	4600001	4620000	0.0506
LG01	4620001	4640000	0.0495
LG01	4640001	4660000	0.0504
LG01	4660001	4680000	0.0485
LG01	4680001	4700000	0.0496
LG01	4700001	4720000	0.0529
LG01	4720001	4740000	0.0535
LG01	4740001	4760000	0.0508
LG01	4760001	4780000	0.05695
LG01	4780001	4800000	0.0519
LG01	4800001	4820000	0.0556
LG01	4820001	4840000	0.0523
LG01	4840001	4860000	0.0461
LG01	4860001	4880000	0.048
LG01	4880001	4900000	0.0552
LG01	4900001	4920000	0.05195
LG01	4920001	4940000	0.0518
LG01	4940001	4960000	0.046
LG01	4960001	4980000	0.0393
LG01	4980001	5000000	0.0487
LG01	5000001	5020000	0.0148
LG01	5020001	5040000	0.0564
LG01	5040001	5060000	0.0484
LG01	5060001	5080000	0.0506
LG01	5080001	5100000	0.0421
LG01	5100001	5120000	0.0317
LG01	5120001	5140000	0.0513
LG01	5140001	5160000	0.0512
LG01	5160001	5180000	0.0524
LG01	5180001	5200000	0.0531
LG01	5200001	5220000	0.0538
LG01	5220001	5240000	0.0526
LG01	5240001	5260000	0.0519
LG01	5260001	5280000	0.0521
LG01	5280001	5300000	0.0561
LG01	5300001	5320000	0.0509
LG01	5320001	5340000	0.0512
LG01	5340001	5360000	0.0554
LG01	5360001	5380000	0.05
LG01	5380001	5400000	0.0524
LG01	5400001	5420000	0.0508
LG01	5420001	5440000	0.046
LG01	5440001	5460000	0.0524
LG01	5460001	5480000	0.0483
LG01	5480001	5500000	0.05
LG01	5500001	5520000	0.0498
LG01	5520001	5540000	0.0129
LG01	5540001	5560000	0.0023
LG01	5560001	5580000	0.0427
LG01	5580001	5600000	0.0546
LG01	5600001	5620000	0.03145
LG01	5620001	5640000	0.0419
LG01	5640001	5660000	0.0524
LG01	5660001	5680000	0.054
LG01	5680001	5700000	0.0503
LG01	5700001	5720000	0.0426
LG01	5720001	5740000	0.0482
LG01	5740001	5760000	0.0505
LG01	5760001	5780000	0.031
LG01	5780001	5800000	0.0287
LG01	5800001	5820000	0.0481
LG01	5820001	5840000	0.046
LG01	5840001	5860000	0.0528
LG01	5860001	5880000	0.0435
LG01	5880001	5900000	0.0574
LG01	5900001	5920000	0.0503
LG01	5920001	5940000	0.0142
LG01	5940001	5960000	0.011
LG01	5960001	5980000	0.0056
LG01	5980001	6000000	0.036
LG01	6000001	6020000	0.0566
LG01	6020001	6040000	0.0507
LG01	6040001	6060000	0.051
LG01	6060001	6080000	0.0496
LG01	6080001	6100000	0.0558
LG01	6100001	6120000	0.0453
LG01	6120001	6140000	0.049
LG01	6140001	6160000	0.04935
LG01	6160001	6180000	0.0526
LG01	6180001	6200000	0.056
LG01	6200001	6220000	0.04595
LG01	6220001	6240000	0.0544
LG01	6240001	6260000	0.0512
LG01	6260001	6280000	0.0538
LG01	6280001	6300000	0.0514
LG01	6300001	6320000	0.052
LG01	6320001	6340000	0.0565
LG01	6340001	6360000	0.054
LG01	6360001	6380000	0.0504
LG01	6380001	6400000	0.0525
LG01	6400001	6420000	0.0534
LG01	6420001	6440000	0.0497
LG01	6440001	6460000	0.0425
LG01	6460001	6480000	0.0469
LG01	6480001	6500000	0.0432
LG01	6500001	6520000	0.0453
LG01	6520001	6540000	0.0453
LG01	6540001	6560000	0.0459
LG01	6560001	6580000	0.0466
LG01	6580001	6600000	0.0426
LG01	6600001	6620000	0.0453
LG01	6620001	6640000	0.0518
LG01	6640001	6660000	0.0533
LG01	6660001	6680000	0.0498
LG01	6680001	6700000	0.028
LG01	6700001	6720000	0.0023
LG01	6720001	6740000	0.0157
LG01	6740001	6760000	0.03465
LG01	6760001	6780000	0.0406
LG01	6780001	6800000	0.0163
LG01	6800001	6820000	0.015
LG01	6820001	6840000	0.0274
LG01	6840001	6860000	0.0047
LG01	6860001	6880000	0.0119
LG01	6880001	6900000	0.014
LG01	6900001	6920000	0.0037
LG01	6920001	6940000	0.0112
LG01	6940001	6960000	0.0081
LG01	6960001	6980000	0.0078
LG01	6980001	7000000	0.0067
LG01	7000001	7020000	0.0182
LG01	7020001	7040000	0.0187
LG01	7040001	7060000	0.0141
LG01	7060001	7080000	0.0215
LG01	7080001	7100000	0.0188
LG01	7100001	7120000	0.0095
LG01	7120001	7140000	0.0109
LG01	7140001	7160000	0.0105
LG01	7160001	7180000	0.0012
LG01	7180001	7200000	0.0005
LG01	7200000	7237655	0
LG02	1	20000	0.0392
LG02	20001	40000	0.0447
LG02	40001	60000	0.0441
LG02	60001	80000	0.0185
LG02	80001	100000	0.0099
LG02	100001	120000	0.0312
LG02	120001	140000	0.0357
LG02	140001	160000	0.0292
LG02	160001	180000	0.0412
LG02	180001	200000	0.0413
LG02	200001	220000	0.0456
LG02	220001	240000	0.0468
LG02	240001	260000	0.046
LG02	260001	280000	0.0429
LG02	280001	300000	0.0534
LG02	300001	320000	0.0331
LG02	320001	340000	0.0203
LG02	340001	360000	0.0046
LG02	360001	380000	0.0314
LG02	380001	400000	0.0381
LG02	400001	420000	0.0405
LG02	420001	440000	0.04915
LG02	440001	460000	0.0531
LG02	460001	480000	0.0354
LG02	480001	500000	0.0323
LG02	500001	520000	0.0469
LG02	520001	540000	0.0341
LG02	540001	560000	0.0049
LG02	560001	580000	0.0033
LG02	580001	600000	0.0416
LG02	600001	620000	0.0431
LG02	620001	640000	0.0514
LG02	640001	660000	0.0433
LG02	660001	680000	0.0369
LG02	680001	700000	0.0482
LG02	700001	720000	0.0449
LG02	720001	740000	0.0429
LG02	740001	760000	0.0107
LG02	760001	780000	0.0492
LG02	780001	800000	0.0467
LG02	800001	820000	0.0479
LG02	820001	840000	0.0498
LG02	840001	860000	0.0552
LG02	860001	880000	0.0503
LG02	880001	900000	0.0494
LG02	900001	920000	0.0498
LG02	920001	940000	0.0535
LG02	940001	960000	0.0369
LG02	960001	980000	0.0367
LG02	980001	1000000	0.0403
LG02	1000001	1020000	0.0524
LG02	1020001	1040000	0.05095
LG02	1040001	1060000	0.0522
LG02	1060001	1080000	0.0486
LG02	1080001	1100000	0.0458
LG02	1100001	1120000	0.0421
LG02	1120001	1140000	0.04745
LG02	1140001	1160000	0.05
LG02	1160001	1180000	0.0248
LG02	1180001	1200000	0.0332
LG02	1200001	1220000	0.0426
LG02	1220001	1240000	0.024
LG02	1240001	1260000	0.0145
LG02	1260001	1280000	0.0235
LG02	1280001	1300000	0.0288
LG02	1300001	1320000	0.0146
LG02	1320001	1340000	0.0201
LG02	1340001	1360000	0.0106
LG02	1360001	1380000	0.0085
LG02	1380001	1400000	0.046
LG02	1400001	1420000	0.0396
LG02	1420001	1440000	0.0424
LG02	1440001	1460000	0.0443
LG02	1460001	1480000	0.0162
LG02	1480001	1500000	0.025
LG02	1500001	1520000	0.0015
LG02	1520001	1540000	0.0058
LG02	1540001	1560000	0.014
LG02	1560001	1580000	0.0234
LG02	1580001	1600000	0.042
LG02	1600001	1620000	0.0378
LG02	1620001	1640000	0.009
LG02	1640001	1660000	0.0026
LG02	1660001	1680000	0.0289
LG02	1680001	1700000	0.0193
LG02	1700001	1720000	0.0066
LG02	1720001	1740000	0.0234
LG02	1740001	1760000	0.0287
LG02	1760001	1780000	0.0277
LG02	1780001	1800000	0.0459
LG02	1800001	1820000	0.0369
LG02	1820001	1840000	0.0101
LG02	1840001	1860000	0.002
LG02	1860001	1880000	0.017
LG02	1880001	1900000	0.0421
LG02	1900001	1920000	0.0508
LG02	1920001	1940000	0.022
LG02	1940001	1960000	0.0247
LG02	1960001	1980000	0.0385
LG02	1980001	2000000	0.0345
LG02	2000001	2020000	0.0056
LG02	2020001	2040000	0.0338
LG02	2040001	2060000	0.0376
LG02	2060001	2080000	0.0314
LG02	2080001	2100000	0.0408
LG02	2100000	2120000	0.00219989000549973
LG03	1	20000	0.009
LG03	20001	40000	0.0185
LG03	40001	60000	0.0261
LG03	60001	80000	0.0186
LG03	80001	100000	0.0235
LG03	100001	120000	0.054
LG03	120001	140000	0.0235
LG03	140001	160000	0.0222
LG03	160001	180000	0.0344
LG03	180001	200000	0.0052
LG03	200001	220000	0.0033
LG03	220001	240000	0.0261
LG03	240001	260000	0.0438
LG03	260001	280000	0.0461
LG03	280001	300000	0.0402
LG03	300001	320000	0.0386
LG03	320001	340000	0.0357
LG03	340001	360000	0.0314
LG03	360001	380000	0.0399
LG03	380001	400000	0.0471
LG03	400001	420000	0.0084
LG03	420001	440000	0.0427
LG03	440001	460000	0.0497
LG03	460001	480000	0.0429
LG03	480001	500000	0.0377
LG03	500001	520000	0.0443
LG03	520001	540000	0.0432
LG03	540001	560000	0.03295
LG03	560001	580000	0.0443
LG03	580001	600000	0.0452
LG03	600001	620000	0.045
LG03	620001	640000	0.0408
LG03	640001	660000	0.0318
LG03	660001	680000	0.0036
LG03	680001	700000	0.0062
LG03	700001	720000	0.0044
LG03	720001	740000	0.0118
LG03	740001	760000	0.012
LG03	760001	780000	0.0171
LG03	780001	800000	0.0153
LG03	800001	820000	0.0256
LG03	820001	840000	0.0339
LG03	840001	860000	0.0336
LG03	860001	880000	0.0444
LG03	880001	900000	0.0447
LG03	900001	920000	0.0462
LG03	920001	940000	0.0422
LG03	940001	960000	0.0519
LG03	960001	980000	0.0531
LG03	980001	1000000	0.044
LG03	1000001	1020000	0.0498
LG03	1020001	1040000	0.0521
LG03	1040001	1060000	0.04715
LG03	1060001	1080000	0.0284
LG03	1080001	1100000	0.0427
LG03	1100001	1120000	0.0433
LG03	1120001	1140000	0.0308
LG03	1140001	1160000	0.0186
LG03	1160001	1180000	0.0206
LG03	1180001	1200000	0.0233
LG03	1200000	1220000	0.00779961001949903
LG04	1	20000	0.0006
LG04	20001	40000	0.002
LG04	40001	60000	0.0017
LG04	60001	80000	0.003
LG04	80001	100000	0.0007
LG04	100001	120000	0.0001
LG04	120001	140000	0.0008
LG04	140001	160000	0.0099
LG04	160001	180000	0.0437
LG04	180001	200000	0.0462
LG04	200001	220000	0.0364
LG04	220001	240000	0.0258
LG04	240001	260000	0.0408
LG04	260001	280000	0.0273
LG04	280001	300000	0
LG04	300001	320000	0.0033
LG04	320001	340000	0.0062
LG04	340001	360000	0.0065
LG04	360001	380000	0.0433
LG04	380001	400000	0.0431
LG04	400001	420000	0.0251
LG04	420001	440000	0.0031
LG04	440001	460000	0.0081
LG04	460001	480000	0.0092
LG04	480001	500000	0.0098
LG04	500001	520000	0.0105
LG04	520001	540000	0.0111
LG04	540001	560000	0.044
LG04	560001	580000	0.0445
LG04	580001	600000	0.0469
LG04	600001	620000	0.0529
LG04	620001	640000	0.0507
LG04	640001	660000	0.0329
LG04	660001	680000	0.0253
LG04	680001	700000	0.0494
LG04	700001	720000	0.0136
LG04	720001	740000	0.0018
LG04	740001	760000	0.0336
LG04	760001	780000	0.0412
LG04	780001	800000	0.0544
LG04	800001	820000	0.0462
LG04	820001	840000	0.0438
LG04	840001	860000	0.0399
LG04	860001	880000	0.0451
LG04	880001	900000	0.0444
LG04	900001	920000	0.0445
LG04	920001	940000	0.04965
LG04	940001	960000	0.0471
LG04	960001	980000	0.0377
LG04	980001	1000000	0.0378
LG04	1000001	1020000	0.0442
LG04	1020001	1040000	0.049
LG04	1040001	1060000	0.045
LG04	1060001	1080000	0.0384
LG04	1080001	1100000	0.0358
LG04	1100001	1120000	0.0357
LG04	1120001	1140000	0.0078
LG04	1140001	1160000	0.0456
LG04	1160001	1180000	0.0374
LG04	1180001	1200000	0.0429
LG04	1200001	1220000	0.0469
LG04	1220001	1240000	0.0448
LG04	1240001	1260000	0.0442
LG04	1260001	1280000	0.0262
LG04	1280001	1300000	0.0204
LG04	1300001	1320000	0.0531
LG04	1320001	1340000	0.0312
LG04	1340001	1360000	0.001
LG04	1360001	1380000	0.003
LG04	1380001	1400000	0.04415
LG04	1400001	1420000	0.0386
LG04	1420001	1440000	0.0455
LG04	1440001	1460000	0.0292
LG04	1460001	1480000	0.0475
LG04	1480001	1500000	0.0386
LG04	1500001	1520000	0.0223
LG04	1520001	1540000	0.0133
LG04	1540001	1560000	0.0425
LG04	1560001	1580000	0.0342
LG04	1580001	1600000	0.0184
LG04	1600001	1620000	0.0169
LG04	1620001	1640000	0.0152
LG04	1640001	1660000	0.0116
LG04	1660001	1680000	0.0026
LG04	1680001	1700000	0.0026
LG04	1700001	1720000	0.0117
LG04	1720001	1740000	0.0048
LG04	1740001	1760000	0.0317
LG04	1760001	1780000	0.0327
LG04	1780001	1800000	0.0442
LG04	1800001	1820000	0.0451
LG04	1820001	1840000	0.0311
LG04	1840001	1860000	0.0399
LG04	1860001	1880000	0.0176
LG04	1880001	1900000	0.0045
LG04	1900001	1920000	0.0029
LG04	1920001	1940000	0.0026
LG04	1940001	1960000	0.0017
LG04	1960001	1980000	0
LG04	1980001	2000000	0.0097
LG04	2000001	2020000	0.0123
LG04	2020001	2040000	0.0125
LG04	2040001	2060000	0.0081
LG04	2060001	2080000	0.0159
LG04	2080001	2100000	0.0229
LG04	2100001	2120000	0.028
LG04	2120001	2140000	0.009
LG04	2140001	2160000	0.014
LG04	2160001	2180000	0.0005
LG04	2180001	2200000	0
LG04	2200001	2220000	0.0012
LG04	2220001	2240000	0.0035
LG04	2240001	2260000	0.0075
LG04	2260001	2280000	0.0299
LG04	2280001	2300000	0.0028
LG04	2300001	2320000	0.0015
LG04	2320001	2340000	0.0413
LG04	2340001	2360000	0.0213
LG04	2360001	2380000	0.0158
LG04	2380001	2400000	0.0287
LG04	2400001	2420000	0.0296
LG04	2420001	2440000	0.0073
LG04	2440001	2460000	0.0083
LG04	2460001	2480000	0.0026
LG04	2480001	2500000	0.0207
LG04	2500001	2520000	0.0107
LG04	2520001	2540000	0.0127
LG04	2540001	2560000	0.0148
LG04	2560001	2580000	0.0096
LG04	2580001	2600000	0.031
LG04	2600001	2620000	0.0388
LG04	2620001	2640000	0.0093
LG04	2640001	2660000	0.0042
LG04	2660001	2680000	0.0165
LG04	2680001	2700000	0.0202
LG04	2700001	2720000	0.0141
LG04	2720001	2740000	0.0291
LG04	2740001	2760000	0.0394
LG04	2760001	2780000	0.0233
LG04	2780001	2800000	0.0285
LG04	2800001	2820000	0.0399
LG04	2820001	2840000	0.0393
LG04	2840001	2860000	0.0318
LG04	2860001	2880000	0.025
LG04	2880001	2900000	0.0278
LG04	2900001	2920000	0.0058
LG04	2920001	2940000	0.0154
LG04	2940001	2960000	0.0506
LG04	2960001	2980000	0.0375
LG04	2980001	3000000	0.0149
LG04	3000001	3020000	0.0417
LG04	3020001	3040000	0.0369
LG04	3040001	3060000	0.0082
LG04	3060001	3080000	0.0436
LG04	3080001	3100000	0.0316
LG04	3100001	3120000	0.0205
LG04	3120001	3140000	0.0377
LG04	3140001	3160000	0.0115
LG04	3160001	3180000	0.0425
LG04	3180001	3200000	0.0464
LG04	3200001	3220000	0.04785
LG04	3220001	3240000	0.0279
LG04	3240001	3260000	0.0366
LG04	3260001	3280000	0.0458
LG04	3280001	3300000	0.0474
LG04	3300001	3320000	0.0433
LG04	3320001	3340000	0.0461
LG04	3340001	3360000	0.0465
LG04	3360001	3380000	0.0274
LG04	3380001	3400000	0.0488
LG04	3400001	3420000	0.0577
LG04	3420001	3440000	0.017
LG04	3440001	3460000	0.0435
LG04	3460001	3480000	0.04975
LG04	3480001	3500000	0.0506
LG04	3500001	3520000	0.0464
LG04	3520001	3540000	0.0476
LG04	3540001	3560000	0.0223
LG04	3560001	3580000	0.0052
LG04	3580001	3600000	0.0245
LG04	3600001	3620000	0.0322
LG04	3620001	3640000	0.0458
LG04	3640001	3660000	0.0517
LG04	3660001	3680000	0.0519
LG04	3680001	3700000	0.0427
LG04	3700001	3720000	0.0378
LG04	3720001	3740000	0.0276
LG04	3740001	3760000	0.033
LG04	3760001	3780000	0.015
LG04	3780001	3800000	0.0074
LG04	3800001	3820000	0.0169
LG04	3820001	3840000	0.0441
LG04	3840001	3860000	0.0374
LG04	3860001	3880000	0.045
LG04	3880001	3900000	0.0524
LG04	3900001	3920000	0.05
LG04	3920001	3940000	0.0236
LG04	3940001	3960000	0.0197
LG04	3960001	3980000	0.0505
LG04	3980001	4000000	0.0471
LG04	4000001	4020000	0.0473
LG04	4020001	4040000	0.0358
LG04	4040001	4060000	0.0304
LG04	4060001	4080000	0.0543
LG04	4080001	4100000	0.0435
LG04	4100001	4120000	0.033
LG04	4120001	4140000	0.0317
LG04	4140001	4160000	0.0126
LG04	4160001	4180000	0.0396
LG04	4180001	4200000	0.0306
LG04	4200001	4220000	0.0436
LG04	4220001	4240000	0.0455
LG04	4240001	4260000	0.0473
LG04	4260001	4280000	0.0486
LG04	4280001	4300000	0.04525
LG04	4300001	4320000	0.0291
LG04	4320001	4340000	0.0094
LG04	4340001	4360000	0.0143
LG04	4360001	4380000	0.0169
LG04	4380001	4400000	0.0009
LG04	4400001	4420000	0.0156
LG04	4420001	4440000	0.0102
LG04	4440001	4460000	0.0037
LG04	4460001	4480000	0.0165
LG04	4480001	4500000	0.0343
LG04	4500001	4520000	0.0346
LG04	4520001	4540000	0.0474
LG04	4540001	4560000	0.0366
LG04	4560001	4580000	0.0341
LG04	4580001	4600000	0.0336
LG04	4600001	4620000	0.0184
LG04	4620001	4640000	0.0181
LG04	4640001	4660000	0.0411
LG04	4660000	4695780	0.023587937732316
LG05	1	20000	0.0031
LG05	20001	40000	0.0284
LG05	40001	60000	0.0047
LG05	60001	80000	0.0027
LG05	80001	100000	0.0008
LG05	100001	120000	0.0166
LG05	120001	140000	0.0245
LG05	140001	160000	0.0006
LG05	160001	180000	0.0006
LG05	180001	200000	0.0199
LG05	200001	220000	0.0053
LG05	220001	240000	0.0105
LG05	240001	260000	0.0099
LG05	260001	280000	0.01
LG05	280001	300000	0.0028
LG05	300001	320000	0.0084
LG05	320001	340000	0.00915
LG05	340001	360000	0.0047
LG05	360001	380000	0.0023
LG05	380001	400000	0.0024
LG05	400001	420000	0.0137
LG05	420001	440000	0.0268
LG05	440001	460000	0.0419
LG05	460001	480000	0.0462
LG05	480001	500000	0.0404
LG05	500001	520000	0.0475
LG05	520001	540000	0.0193
LG05	540001	560000	0.0006
LG05	560001	580000	0.0157
LG05	580001	600000	0.0535
LG05	600001	620000	0.02595
LG05	620001	640000	0.0341
LG05	640001	660000	0.0134
LG05	660001	680000	0.0016
LG05	680001	700000	0.0254
LG05	700001	720000	0.0254
LG05	720001	740000	0.0337
LG05	740001	760000	0.0414
LG05	760001	780000	0.0384
LG05	780001	800000	0.0402
LG05	800001	820000	0.0424
LG05	820001	840000	0.0474
LG05	840001	860000	0.0101
LG05	860001	880000	0.0305
LG05	880001	900000	0.0417
LG05	900001	920000	0.0208
LG05	920001	940000	0.0033
LG05	940001	960000	0.008
LG05	960001	980000	0.002
LG05	980001	1000000	0.0356
LG05	1000001	1020000	0.0452
LG05	1020001	1040000	0.0463
LG05	1040001	1060000	0.047
LG05	1060001	1080000	0.0503
LG05	1080001	1100000	0.0396
LG05	1100001	1120000	0.0355
LG05	1120001	1140000	0.0011
LG05	1140001	1160000	0.0065
LG05	1160001	1180000	0.0016
LG05	1180001	1200000	0.0035
LG05	1200001	1220000	0.0384
LG05	1220001	1240000	0.0115
LG05	1240001	1260000	0.0013
LG05	1260001	1280000	0.0043
LG05	1280001	1300000	0.0039
LG05	1300001	1320000	0.0132
LG05	1320001	1340000	0.0037
LG05	1340001	1360000	0.0133
LG05	1360001	1380000	0.0014
LG05	1380001	1400000	0.0077
LG05	1400001	1420000	0.006
LG05	1420001	1440000	0.0083
LG05	1440001	1460000	0.0109
LG05	1460001	1480000	0.0022
LG05	1480001	1500000	0.0099
LG05	1500001	1520000	0.0067
LG05	1520001	1540000	0.0036
LG05	1540001	1560000	0.0014
LG05	1560001	1580000	0.0202
LG05	1580001	1600000	0.0079
LG05	1600001	1620000	0.0023
LG05	1620001	1640000	0.0013
LG05	1640001	1660000	0.0045
LG05	1660001	1680000	0.0024
LG05	1680001	1700000	0.012
LG05	1700001	1720000	0.0018
LG05	1720001	1740000	0.0156
LG05	1740001	1760000	0.0071
LG05	1760001	1780000	0.0017
LG05	1780001	1800000	0.0056
LG05	1800001	1820000	0.0019
LG05	1820001	1840000	0.0101
LG05	1840001	1860000	0.0006
LG05	1860001	1880000	0.0058
LG05	1880001	1900000	0.0045
LG05	1900001	1920000	0.0011
LG05	1920001	1940000	0.0057
LG05	1940001	1960000	0.0075
LG05	1960001	1980000	0.002
LG05	1980001	2000000	0.0029
LG05	2000001	2020000	0.0106
LG05	2020001	2040000	0.0059
LG05	2040001	2060000	0.034
LG05	2060001	2080000	0.0324
LG05	2080001	2100000	0.03895
LG05	2100001	2120000	0.0173
LG05	2120001	2140000	0.005
LG05	2140001	2160000	0.0101
LG05	2160001	2180000	0.0412
LG05	2180001	2200000	0.04
LG05	2200001	2220000	0.0314
LG05	2220001	2240000	0.0468
LG05	2240001	2260000	0.0453
LG05	2260001	2280000	0.0449
LG05	2280001	2300000	0.0509
LG05	2300001	2320000	0.0435
LG05	2320001	2340000	0.0464
LG05	2340001	2360000	0.0487
LG05	2360001	2380000	0.0474
LG05	2380001	2400000	0.0524
LG05	2400001	2420000	0.0497
LG05	2420001	2440000	0.0485
LG05	2440001	2460000	0.0486
LG05	2460001	2480000	0.0472
LG05	2480001	2500000	0.0512
LG05	2500001	2520000	0.049
LG05	2520001	2540000	0.0453
LG05	2540001	2560000	0.0403
LG05	2560001	2580000	0.0485
LG05	2580001	2600000	0.04865
LG05	2600001	2620000	0.0518
LG05	2620001	2640000	0.0438
LG05	2640001	2660000	0.0536
LG05	2660001	2680000	0.0482
LG05	2680001	2700000	0.0459
LG05	2700001	2720000	0.0489
LG05	2720001	2740000	0.0495
LG05	2740001	2760000	0.0467
LG05	2760001	2780000	0.0483
LG05	2780001	2800000	0.04715
LG05	2800001	2820000	0.0456
LG05	2820001	2840000	0.0525
LG05	2840001	2860000	0.0432
LG05	2860001	2880000	0.0462
LG05	2880001	2900000	0.046
LG05	2900001	2920000	0.0441
LG05	2920001	2940000	0.0444
LG05	2940001	2960000	0.0409
LG05	2960001	2980000	0.0467
LG05	2980001	3000000	0.0436
LG05	3000001	3020000	0.0473
LG05	3020001	3040000	0.0437
LG05	3040001	3060000	0.0402
LG05	3060001	3080000	0.0449
LG05	3080001	3100000	0.0179
LG05	3100001	3120000	0.0346
LG05	3120001	3140000	0.0333
LG05	3140001	3160000	0.032
LG05	3160001	3180000	0.0511
LG05	3180001	3200000	0.04
LG05	3200001	3220000	0.034
LG05	3220001	3240000	0.0209
LG05	3240001	3260000	0.0087
LG05	3260001	3280000	0.0071
LG05	3280001	3300000	0.0232
LG05	3300001	3320000	0.0256
LG05	3320000	3350774	0.00422420796100731
LG06	1	20000	0.0043
LG06	20001	40000	0.0075
LG06	40001	60000	0.0046
LG06	60001	80000	0.0021
LG06	80001	100000	0.0177
LG06	100001	120000	0.0263
LG06	120001	140000	0.0211
LG06	140001	160000	0.018
LG06	160001	180000	0.0186
LG06	180001	200000	0.019
LG06	200001	220000	0.0021
LG06	220001	240000	0.0109
LG06	240001	260000	0.0386
LG06	260001	280000	0.0431
LG06	280001	300000	0.0196
LG06	300001	320000	0.0403
LG06	320001	340000	0.0354
LG06	340001	360000	0.0286
LG06	360001	380000	0.0432
LG06	380001	400000	0.0398
LG06	400001	420000	0.0108
LG06	420001	440000	0.0335
LG06	440001	460000	0.0143
LG06	460001	480000	0.0344
LG06	480001	500000	0.0354
LG06	500001	520000	0.0215
LG06	520001	540000	0.0014
LG06	540001	560000	0.01
LG06	560001	580000	0.0302
LG06	580001	600000	0.0424
LG06	600001	620000	0.0325
LG06	620001	640000	0.0164
LG06	640001	660000	0.0453
LG06	660001	680000	0.0413
LG06	680001	700000	0.0221
LG06	700001	720000	0.0234
LG06	720001	740000	0.0075
LG06	740001	760000	0.0215
LG06	760001	780000	0.0282
LG06	780001	800000	0.0284
LG06	800001	820000	0.0271
LG06	820001	840000	0.0385
LG06	840001	860000	0.0544
LG06	860001	880000	0.0427
LG06	880001	900000	0.0162
LG06	900001	920000	0.0449
LG06	920001	940000	0.0326
LG06	940001	960000	0.0399
LG06	960001	980000	0.0561
LG06	980001	1000000	0.0442
LG06	1000001	1020000	0.0534
LG06	1020001	1040000	0.05585
LG06	1040001	1060000	0.0455
LG06	1060001	1080000	0.0172
LG06	1080001	1100000	0.0342
LG06	1100001	1120000	0.0503
LG06	1120001	1140000	0.0404
LG06	1140001	1160000	0.0167
LG06	1160001	1180000	0.005
LG06	1180001	1200000	0.0005
LG06	1200001	1220000	0.0069
LG06	1220001	1240000	0.0485
LG06	1240001	1260000	0.0275
LG06	1260001	1280000	0.0454
LG06	1280001	1300000	0.0487
LG06	1300001	1320000	0.0577
LG06	1320001	1340000	0.019
LG06	1340001	1360000	0.045
LG06	1360001	1380000	0.0432
LG06	1380001	1400000	0.0465
LG06	1400001	1420000	0.0482
LG06	1420001	1440000	0.0502
LG06	1440001	1460000	0.022
LG06	1460001	1480000	0.0454
LG06	1480001	1500000	0.0489
LG06	1500001	1520000	0.0482
LG06	1520001	1540000	0.0456
LG06	1540001	1560000	0.0531
LG06	1560001	1580000	0.0422
LG06	1580001	1600000	0.04695
LG06	1600001	1620000	0.045
LG06	1620001	1640000	0.0372
LG06	1640001	1660000	0.0385
LG06	1660001	1680000	0.0464
LG06	1680001	1700000	0.0416
LG06	1700001	1720000	0.04225
LG06	1720001	1740000	0.0101
LG06	1740001	1760000	0.0479
LG06	1760001	1780000	0.0481
LG06	1780001	1800000	0.0528
LG06	1800001	1820000	0.0517
LG06	1820001	1840000	0.0473
LG06	1840001	1860000	0.051
LG06	1860001	1880000	0.0533
LG06	1880001	1900000	0.04845
LG06	1900001	1920000	0.0409
LG06	1920001	1940000	0.0331
LG06	1940001	1960000	0.0016
LG06	1960001	1980000	0.0328
LG06	1980001	2000000	0.0421
LG06	2000001	2020000	0.0423
LG06	2020001	2040000	0.0417
LG06	2040001	2060000	0.0386
LG06	2060001	2080000	0.0435
LG06	2080001	2100000	0.0019
LG06	2100001	2120000	0.0125
LG06	2120001	2140000	0.0155
LG06	2140001	2160000	0.0014
LG06	2160001	2180000	0.0081
LG06	2180001	2200000	0.0038
LG06	2200001	2220000	0.0059
LG06	2220001	2240000	0.0058
LG06	2240001	2260000	0.0297
LG06	2260001	2280000	0.0279
LG06	2280001	2300000	0.0235
LG06	2300001	2320000	0.0433
LG06	2320001	2340000	0.0347
LG06	2340001	2360000	0.0465
LG06	2360001	2380000	0.0375
LG06	2380001	2400000	0.04665
LG06	2400001	2420000	0.04815
LG06	2420001	2440000	0.0385
LG06	2440001	2460000	0.0189
LG06	2460001	2480000	0.0197
LG06	2480001	2500000	0.0245
LG06	2500001	2520000	0.0171
LG06	2520001	2540000	0.0214
LG06	2540001	2560000	0.0187
LG06	2560001	2580000	0.0221
LG06	2580001	2600000	0.0294
LG06	2600001	2620000	0.0175
LG06	2620001	2640000	0.0187
LG06	2640001	2660000	0.0096
LG06	2660001	2680000	0.0002
LG06	2680001	2700000	0.0003
LG06	2700001	2720000	0.0002
LG06	2720001	2740000	0.0017
LG06	2740001	2760000	0.0015
LG06	2760001	2780000	0.0178
LG06	2780001	2800000	0.0161
LG06	2800001	2820000	0.036
LG06	2820001	2840000	0.006
LG06	2840001	2860000	0.0059
LG06	2860001	2880000	0.0122
LG06	2880001	2900000	0.0121
LG06	2900001	2920000	0.0326
LG06	2920001	2940000	0.04865
LG06	2940001	2960000	0.031
LG06	2960001	2980000	0.0458
LG06	2980001	3000000	0.0495
LG06	3000001	3020000	0.0467
LG06	3020001	3040000	0.0471
LG06	3040001	3060000	0.0413
LG06	3060001	3080000	0.0312
LG06	3080001	3100000	0.0474
LG06	3100001	3120000	0.0429
LG06	3120001	3140000	0.0526
LG06	3140001	3160000	0.0527
LG06	3160001	3180000	0.0323
LG06	3180001	3200000	0.0332
LG06	3200001	3220000	0.0497
LG06	3220001	3240000	0.029
LG06	3240001	3260000	0.0447
LG06	3260001	3280000	0.0375
LG06	3280001	3300000	0.0443
LG06	3300001	3320000	0.0514
LG06	3320001	3340000	0.0225
LG06	3340001	3360000	0.0457
LG06	3360001	3380000	0.0463
LG06	3380001	3400000	0.0472
LG06	3400001	3420000	0.0517
LG06	3420001	3440000	0.0505
LG06	3440001	3460000	0.048
LG06	3460001	3480000	0.0171
LG06	3480001	3500000	0.0089
LG06	3500001	3520000	0.0235
LG06	3520001	3540000	0.0022
LG06	3540001	3560000	0.0049
LG06	3560001	3580000	0.0072
LG06	3580001	3600000	0.0422
LG06	3600001	3620000	0.0473
LG06	3620001	3640000	0.0409
LG06	3640001	3660000	0.0348
LG06	3660001	3680000	0.0465
LG06	3680001	3700000	0.0433
LG06	3700001	3720000	0.0406
LG06	3720001	3740000	0.0417
LG06	3740001	3760000	0.0406
LG06	3760001	3780000	0.0468
LG06	3780001	3800000	0.0503
LG06	3800001	3820000	0.0452
LG06	3820001	3840000	0.0414
LG06	3840001	3860000	0.047
LG06	3860001	3880000	0.05
LG06	3880001	3900000	0.0418
LG06	3900001	3920000	0.0474
LG06	3920001	3940000	0.0492
LG06	3940001	3960000	0.0441
LG06	3960001	3980000	0.0321
LG06	3980001	4000000	0.035
LG06	4000001	4020000	0.0402
LG06	4020001	4040000	0.0465
LG06	4040001	4060000	0.0433
LG06	4060001	4080000	0.0329
LG06	4080001	4100000	0.0176
LG06	4100001	4120000	0.024
LG06	4120001	4140000	0.0427
LG06	4140001	4160000	0.0203
LG06	4160001	4180000	0.0143
LG06	4180001	4200000	0.0098
LG06	4200001	4220000	0.0431
LG06	4220001	4240000	0.0503
LG06	4240001	4260000	0.0356
LG06	4260001	4280000	0.0437
LG06	4280001	4300000	0.0481
LG06	4300001	4320000	0.0469
LG06	4320001	4340000	0.0399
LG06	4340001	4360000	0.0226
LG06	4360001	4380000	0.0427
LG06	4380001	4400000	0.0144
LG06	4400001	4420000	0.0276
LG06	4420001	4440000	0.0245
LG06	4440001	4460000	0.0285
LG06	4460001	4480000	0.01555
LG06	4480001	4500000	0.041
LG06	4500001	4520000	0.0377
LG06	4520001	4540000	0.0176
LG06	4540001	4560000	0.0122
LG06	4560001	4580000	0.0562
LG06	4580001	4600000	0.0372
LG06	4600001	4620000	0.0222
LG06	4620001	4640000	0.0191
LG06	4640001	4660000	0.0175
LG06	4660001	4680000	0.0311
LG06	4680001	4700000	0.02075
LG06	4700001	4720000	0.0012
LG06	4720001	4740000	0.023
LG06	4740001	4760000	0.0256
LG06	4760001	4780000	0.0382
LG06	4780001	4800000	0.0359
LG06	4800001	4820000	0.021
LG06	4820001	4840000	0.0036
LG06	4840001	4860000	0.007
LG06	4860001	4880000	0.0107
LG06	4880001	4900000	0.014
LG06	4900001	4920000	0.0416
LG06	4920001	4940000	0.0397
LG06	4940001	4960000	0.0416
LG06	4960001	4980000	0.0189
LG06	4980001	5000000	0.0112
LG06	5000001	5020000	0.0219
LG06	5020001	5040000	0.0101
LG06	5040001	5060000	0.0081
LG06	5060001	5080000	0.0113
LG06	5080001	5100000	0.0136
LG06	5100001	5120000	0.0148
LG06	5120001	5140000	0.0312
LG06	5140001	5160000	0.0362
LG06	5160001	5180000	0.0163
LG06	5180001	5200000	0.019
LG06	5200001	5220000	0.0214
LG06	5220001	5240000	0.0127
LG06	5240001	5260000	0.0191
LG06	5260001	5280000	0.0139
LG06	5280001	5300000	0.0028
LG06	5300001	5320000	0.0093
LG06	5320001	5340000	0.0013
LG06	5340001	5360000	0.0066
LG06	5360001	5380000	0.0139
LG06	5380001	5400000	0.0081
LG06	5400001	5420000	0.0134
LG06	5420001	5440000	0.0187
LG06	5440001	5460000	0.0013
LG06	5460001	5480000	0.0071
LG06	5480001	5500000	0.0119
LG06	5500001	5520000	0.0165
LG06	5520001	5540000	0.044
LG06	5540001	5560000	0.0331
LG06	5560001	5580000	0.0436
LG06	5580001	5600000	0.047
LG06	5600001	5620000	0.0284
LG06	5620001	5640000	0.0446
LG06	5640001	5660000	0.0458
LG06	5660001	5680000	0.0443
LG06	5680001	5700000	0.0273
LG06	5700001	5720000	0.0531
LG06	5720001	5740000	0.0438
LG06	5740001	5760000	0.0461
LG06	5760001	5780000	0.042
LG06	5780001	5800000	0.0411
LG06	5800001	5820000	0.0416
LG06	5820001	5840000	0.0521
LG06	5840001	5860000	0.0452
LG06	5860001	5880000	0.0487
LG06	5880001	5900000	0.0483
LG06	5900001	5920000	0.0507
LG06	5920001	5940000	0.05225
LG06	5940001	5960000	0.0533
LG06	5960001	5980000	0.0503
LG06	5980001	6000000	0.0437
LG06	6000001	6020000	0.0349
LG06	6020001	6040000	0.0461
LG06	6040001	6060000	0.0333
LG06	6060001	6080000	0.0378
LG06	6080001	6100000	0.0501
LG06	6100001	6120000	0.0485
LG06	6120001	6140000	0.0436
LG06	6140001	6160000	0.05
LG06	6160001	6180000	0.0523
LG06	6180001	6200000	0.0481
LG06	6200001	6220000	0.0535
LG06	6220001	6240000	0.0533
LG06	6240001	6260000	0.05
LG06	6260001	6280000	0.0454
LG06	6280001	6300000	0.0485
LG06	6300001	6320000	0.0435
LG06	6320001	6340000	0.0378
LG06	6340001	6360000	0.04335
LG06	6360001	6380000	0.039
LG06	6380001	6400000	0.0384
LG06	6400001	6420000	0.0468
LG06	6420001	6440000	0.0468
LG06	6440001	6460000	0.0346
LG06	6460001	6480000	0.0441
LG06	6480001	6500000	0.0398
LG06	6500001	6520000	0.0146
LG06	6520001	6540000	0.0226
LG06	6540001	6560000	0.0417
LG06	6560001	6580000	0.048
LG06	6580001	6600000	0.0129
LG06	6600001	6620000	0.0188
LG06	6620001	6640000	0.0036
LG06	6640001	6660000	0.0377
LG06	6660001	6680000	0.0481
LG06	6680001	6700000	0.0465
LG06	6700001	6720000	0.0213
LG06	6720001	6740000	0.0049
LG06	6740001	6760000	0.0045
LG06	6760001	6780000	0.0408
LG06	6780001	6800000	0.0405
LG06	6800001	6820000	0.03485
LG06	6820001	6840000	0.0413
LG06	6840001	6860000	0.0446
LG06	6860001	6880000	0.0464
LG06	6880001	6900000	0.0508
LG06	6900001	6920000	0.0293
LG06	6920001	6940000	0.0367
LG06	6940001	6960000	0.0429
LG06	6960000	6996615	0.0325540747214333
LG07	1	20000	0.0244
LG07	20001	40000	0.0044
LG07	40001	60000	0.0138
LG07	60001	80000	0.0208
LG07	80001	100000	0.0202
LG07	100001	120000	0.0187
LG07	120001	140000	0.0021
LG07	140001	160000	0.0095
LG07	160001	180000	0.0055
LG07	180001	200000	0.0155
LG07	200001	220000	0.0174
LG07	220001	240000	0.0151
LG07	240001	260000	0.0182
LG07	260001	280000	0.0127
LG07	280001	300000	0.0114
LG07	300001	320000	0.0382
LG07	320001	340000	0.0138
LG07	340001	360000	0.002
LG07	360001	380000	0.0026
LG07	380001	400000	0.0224
LG07	400001	420000	0.0333
LG07	420001	440000	0.0203
LG07	440001	460000	0.0215
LG07	460001	480000	0.0441
LG07	480001	500000	0.0459
LG07	500001	520000	0.0447
LG07	520001	540000	0.0342
LG07	540001	560000	0.0434
LG07	560001	580000	0.0489
LG07	580001	600000	0.0439
LG07	600001	620000	0.0291
LG07	620001	640000	0.0222
LG07	640001	660000	0.0268
LG07	660001	680000	0.033
LG07	680001	700000	0.0196
LG07	700001	720000	0.004
LG07	720001	740000	0.006
LG07	740001	760000	0.0433
LG07	760001	780000	0.0497
LG07	780001	800000	0.021
LG07	800001	820000	0.02645
LG07	820001	840000	0.0457
LG07	840001	860000	0.0448
LG07	860001	880000	0.0456
LG07	880001	900000	0.0361
LG07	900001	920000	0.05
LG07	920001	940000	0.0085
LG07	940001	960000	0.0274
LG07	960001	980000	0.0529
LG07	980001	1000000	0.0477
LG07	1000001	1020000	0.0442
LG07	1020001	1040000	0.0483
LG07	1040001	1060000	0.0535
LG07	1060001	1080000	0.0507
LG07	1080001	1100000	0.0482
LG07	1100001	1120000	0.0444
LG07	1120001	1140000	0.0472
LG07	1140001	1160000	0.0448
LG07	1160001	1180000	0.0447
LG07	1180001	1200000	0.0461
LG07	1200001	1220000	0.04655
LG07	1220001	1240000	0.0474
LG07	1240001	1260000	0.0536
LG07	1260001	1280000	0.049
LG07	1280001	1300000	0.0485
LG07	1300001	1320000	0.0456
LG07	1320001	1340000	0.0515
LG07	1340001	1360000	0.0529
LG07	1360001	1380000	0.0473
LG07	1380001	1400000	0.0483
LG07	1400001	1420000	0.0448
LG07	1420001	1440000	0.048
LG07	1440001	1460000	0.0468
LG07	1460001	1480000	0.0517
LG07	1480001	1500000	0.0437
LG07	1500001	1520000	0.0475
LG07	1520001	1540000	0.0503
LG07	1540001	1560000	0.0534
LG07	1560001	1580000	0.0442
LG07	1580001	1600000	0.0427
LG07	1600001	1620000	0.0496
LG07	1620001	1640000	0.0509
LG07	1640001	1660000	0.0528
LG07	1660001	1680000	0.0479
LG07	1680001	1700000	0.0375
LG07	1700001	1720000	0.0299
LG07	1720001	1740000	0.0361
LG07	1740001	1760000	0.0502
LG07	1760001	1780000	0.0412
LG07	1780001	1800000	0.0431
LG07	1800001	1820000	0.0384
LG07	1820001	1840000	0.04
LG07	1840001	1860000	0.042
LG07	1860001	1880000	0.0394
LG07	1880001	1900000	0.0332
LG07	1900001	1920000	0.0462
LG07	1920001	1940000	0.0369
LG07	1940001	1960000	0.0419
LG07	1960001	1980000	0.0438
LG07	1980001	2000000	0.0451
LG07	2000001	2020000	0.0483
LG07	2020001	2040000	0.0245
LG07	2040001	2060000	0.0347
LG07	2060001	2080000	0.0108
LG07	2080001	2100000	0.0326
LG07	2100001	2120000	0.05
LG07	2120001	2140000	0.048
LG07	2140001	2160000	0.05005
LG07	2160001	2180000	0.0497
LG07	2180001	2200000	0.0362
LG07	2200001	2220000	0.0503
LG07	2220001	2240000	0.0534
LG07	2240001	2260000	0.0512
LG07	2260001	2280000	0.0478
LG07	2280001	2300000	0.0476
LG07	2300001	2320000	0.0447
LG07	2320001	2340000	0.0324
LG07	2340001	2360000	0.0433
LG07	2360001	2380000	0.0392
LG07	2380001	2400000	0.0443
LG07	2400001	2420000	0.0239
LG07	2420001	2440000	0.0205
LG07	2440001	2460000	0.0448
LG07	2460001	2480000	0.0388
LG07	2480001	2500000	0.0446
LG07	2500001	2520000	0.0128
LG07	2520001	2540000	0.0056
LG07	2540000	2570884	0.0122389509470617
LG08	1	20000	0
LG08	20001	40000	0
LG08	40001	60000	0.0001
LG08	60001	80000	0.0001
LG08	80001	100000	0
LG08	100001	120000	0.0003
LG08	120001	140000	0.0001
LG08	140001	160000	0.0001
LG08	160001	180000	0
LG08	180001	200000	0.0001
LG08	200001	220000	0.0001
LG08	220001	240000	0
LG08	240001	260000	0.0011
LG08	260001	280000	0.0002
LG08	280001	300000	0
LG08	300001	320000	0.0004
LG08	320001	340000	0
LG08	340001	360000	0.0001
LG08	360001	380000	0
LG08	380001	400000	0.0116
LG08	400001	420000	0.0048
LG08	420001	440000	0.0157
LG08	440001	460000	0.0033
LG08	460001	480000	0
LG08	480001	500000	0
LG08	500001	520000	0
LG08	520001	540000	0
LG08	540001	560000	0
LG08	560001	580000	0
LG08	580001	600000	0
LG08	600001	620000	0
LG08	620001	640000	0.0001
LG08	640001	660000	0
LG08	660001	680000	0
LG08	680001	700000	0
LG08	700001	720000	0.0001
LG08	720001	740000	0
LG08	740001	760000	0
LG08	760001	780000	0
LG08	780001	800000	0.0002
LG08	800001	820000	0
LG08	820001	840000	0.0002
LG08	840001	860000	0.0147
LG08	860001	880000	0.0268
LG08	880001	900000	0.0161
LG08	900001	920000	0.01805
LG08	920001	940000	0.0106
LG08	940001	960000	0.0193
LG08	960001	980000	0.0156
LG08	980001	1000000	0.015
LG08	1000001	1020000	0.047
LG08	1020001	1040000	0.0462
LG08	1040001	1060000	0.0421
LG08	1060001	1080000	0.0458
LG08	1080001	1100000	0.0438
LG08	1100001	1120000	0.03
LG08	1120001	1140000	0.043
LG08	1140001	1160000	0.038
LG08	1160001	1180000	0.0461
LG08	1180001	1200000	0.0467
LG08	1200001	1220000	0.0475
LG08	1220001	1240000	0.0481
LG08	1240001	1260000	0.04505
LG08	1260001	1280000	0.0448
LG08	1280001	1300000	0.0438
LG08	1300001	1320000	0.0462
LG08	1320001	1340000	0.0486
LG08	1340001	1360000	0.0537
LG08	1360001	1380000	0.0539
LG08	1380001	1400000	0.0539
LG08	1400001	1420000	0.04625
LG08	1420001	1440000	0.053
LG08	1440001	1460000	0.0522
LG08	1460001	1480000	0.0479
LG08	1480001	1500000	0.0518
LG08	1500001	1520000	0.0538
LG08	1520001	1540000	0.0466
LG08	1540001	1560000	0.0562
LG08	1560001	1580000	0.0498
LG08	1580001	1600000	0.0427
LG08	1600001	1620000	0.0532
LG08	1620001	1640000	0.0465
LG08	1640001	1660000	0.0416
LG08	1660001	1680000	0.0357
LG08	1680001	1700000	0.0066
LG08	1700001	1720000	0.0135
LG08	1720001	1740000	0.0228
LG08	1740001	1760000	0.012
LG08	1760001	1780000	0.0232
LG08	1780001	1800000	0.0348
LG08	1800001	1820000	0.0507
LG08	1820001	1840000	0.0454
LG08	1840001	1860000	0.051
LG08	1860001	1880000	0.0462
LG08	1880001	1900000	0.0454
LG08	1900001	1920000	0.0139
LG08	1920001	1940000	0.0226
LG08	1940001	1960000	0.0216
LG08	1960001	1980000	0.0142
LG08	1980001	2000000	0.024
LG08	2000001	2020000	0.0299
LG08	2020001	2040000	0.0202
LG08	2040001	2060000	0.013
LG08	2060001	2080000	0.0487
LG08	2080001	2100000	0.0406
LG08	2100001	2120000	0.0409
LG08	2120001	2140000	0.0425
LG08	2140001	2160000	0.0447
LG08	2160001	2180000	0.0154
LG08	2180001	2200000	0.022
LG08	2200001	2220000	0.05
LG08	2220001	2240000	0.0377
LG08	2240001	2260000	0.0327
LG08	2260001	2280000	0.0215
LG08	2280001	2300000	0.0329
LG08	2300001	2320000	0.0428
LG08	2320001	2340000	0.0258
LG08	2340001	2360000	0.0202
LG08	2360001	2380000	0.05225
LG08	2380001	2400000	0.045
LG08	2400001	2420000	0.0516
LG08	2420001	2440000	0.0402
LG08	2440001	2460000	0.0367
LG08	2460001	2480000	0.0049
LG08	2480001	2500000	0.0416
LG08	2500001	2520000	0.0289
LG08	2520001	2540000	0.0194
LG08	2540001	2560000	0.0434
LG08	2560001	2580000	0.0262
LG08	2580001	2600000	0.0496
LG08	2600001	2620000	0.0479
LG08	2620001	2640000	0.0071
LG08	2640001	2660000	0.0152
LG08	2660001	2680000	0.0039
LG08	2680001	2700000	0.0105
LG08	2700001	2720000	0.0058
LG08	2720001	2740000	0.005
LG08	2740001	2760000	0.0094
LG08	2760001	2780000	0.0065
LG08	2780001	2800000	0.0056
LG08	2800001	2820000	0.0053
LG08	2820001	2840000	0.0224
LG08	2840001	2860000	0.0115
LG08	2860001	2880000	0.0069
LG08	2880001	2900000	0.0077
LG08	2900001	2920000	0.0164
LG08	2920001	2940000	0.0042
LG08	2940001	2960000	0.004
LG08	2960001	2980000	0.0068
LG08	2980001	3000000	0.0206
LG08	3000001	3020000	0.0031
LG08	3020001	3040000	0.0117
LG08	3040001	3060000	0.0087
LG08	3060001	3080000	0.0082
LG08	3080001	3100000	0.0029
LG08	3100001	3120000	0.0147
LG08	3120001	3140000	0.0202
LG08	3140001	3160000	0.0005
LG08	3160001	3180000	0.0109
LG08	3180001	3200000	0.0261
LG08	3200001	3220000	0.006
LG08	3220001	3240000	0.003
LG08	3240001	3260000	0.0014
LG08	3260001	3280000	0.0013
LG08	3280001	3300000	0.0122
LG08	3300001	3320000	0.0169
LG08	3320001	3340000	0.0135
LG08	3340001	3360000	0.0166
LG08	3360001	3380000	0.0084
LG08	3380001	3400000	0.0186
LG08	3400001	3420000	0.0052
LG08	3420001	3440000	0.0153
LG08	3440001	3460000	0.0095
LG08	3460001	3480000	0.0135
LG08	3480001	3500000	0.0075
LG08	3500001	3520000	0.0101
LG08	3520001	3540000	0.0139
LG08	3540001	3560000	0.0159
LG08	3560001	3580000	0.0055
LG08	3580001	3600000	0.0162
LG08	3600001	3620000	0.0077
LG08	3620001	3640000	0.0116
LG08	3640001	3660000	0.0191
LG08	3660001	3680000	0.0153
LG08	3680001	3700000	0.0064
LG08	3700001	3720000	0.0024
LG08	3720001	3740000	0.0022
LG08	3740001	3760000	0.0007
LG08	3760001	3780000	0.0006
LG08	3780001	3800000	0.0048
LG08	3800001	3820000	0.0084
LG08	3820001	3840000	0.0158
LG08	3840001	3860000	0.0267
LG08	3860001	3880000	0.0122
LG08	3880001	3900000	0.0127
LG08	3900001	3920000	0.0102
LG08	3920001	3940000	0.0166
LG08	3940001	3960000	0.0219
LG08	3960001	3980000	0.0185
LG08	3980001	4000000	0.0226
LG08	4000001	4020000	0.0212
LG08	4020001	4040000	0.0041
LG08	4040001	4060000	0.0101
LG08	4060001	4080000	0.0034
LG08	4080001	4100000	0.0017
LG08	4100001	4120000	0.0172
LG08	4120001	4140000	0.0089
LG08	4140001	4160000	0.0226
LG08	4160001	4180000	0.0186
LG08	4180001	4200000	0.0094
LG08	4200001	4220000	0.0071
LG08	4220001	4240000	0.014
LG08	4240001	4260000	0.0025
LG08	4260001	4280000	0.0069
LG08	4280001	4300000	0.0078
LG08	4300001	4320000	0.0029
LG08	4320001	4340000	0.0014
LG08	4340001	4360000	0.0018
LG08	4360001	4380000	0.0005
LG08	4380001	4400000	0.0026
LG08	4400001	4420000	0.0153
LG08	4420001	4440000	0.0176
LG08	4440001	4460000	0.0048
LG08	4460001	4480000	0.02655
LG08	4480001	4500000	0.0043
LG08	4500001	4520000	0.0059
LG08	4520001	4540000	0.0182
LG08	4540001	4560000	0.0091
LG08	4560001	4580000	0.01955
LG08	4580001	4600000	0.0239
LG08	4600001	4620000	0.0218
LG08	4620001	4640000	0.0011
LG08	4640001	4660000	0.0133
LG08	4660001	4680000	0.0048
LG08	4680000	4716897	0.0115995446907691
LG09	1	20000	0.0316
LG09	20001	40000	0.0409
LG09	40001	60000	0.0432
LG09	60001	80000	0.0239
LG09	80001	100000	0.0205
LG09	100001	120000	0.0461
LG09	120001	140000	0.0294
LG09	140001	160000	0.017
LG09	160001	180000	0.0089
LG09	180001	200000	0.0351
LG09	200001	220000	0.0274
LG09	220001	240000	0.0322
LG09	240001	260000	0.0019
LG09	260001	280000	0.0109
LG09	280001	300000	0.0192
LG09	300001	320000	0.0077
LG09	320001	340000	0.0137
LG09	340001	360000	0.0139
LG09	360001	380000	0.0108
LG09	380001	400000	0.0049
LG09	400001	420000	0.0119
LG09	420001	440000	0.0109
LG09	440001	460000	0.0078
LG09	460001	480000	0.0389
LG09	480001	500000	0.048
LG09	500001	520000	0.038
LG09	520001	540000	0.0301
LG09	540001	560000	0.0265
LG09	560001	580000	0.049
LG09	580001	600000	0.0404
LG09	600001	620000	0.0411
LG09	620001	640000	0.0393
LG09	640001	660000	0.0486
LG09	660001	680000	0.0468
LG09	680001	700000	0.0186
LG09	700001	720000	0.0158
LG09	720001	740000	0.0493
LG09	740001	760000	0.0434
LG09	760001	780000	0.0502
LG09	780001	800000	0.0494
LG09	800001	820000	0.046
LG09	820001	840000	0.05
LG09	840001	860000	0.0502
LG09	860001	880000	0.0474
LG09	880001	900000	0.0426
LG09	900001	920000	0.0512
LG09	920001	940000	0.053
LG09	940001	960000	0.0556
LG09	960001	980000	0.0496
LG09	980001	1000000	0.0474
LG09	1000001	1020000	0.0506
LG09	1020001	1040000	0.0524
LG09	1040001	1060000	0.05195
LG09	1060001	1080000	0.05305
LG09	1080001	1100000	0.055
LG09	1100001	1120000	0.0512
LG09	1120001	1140000	0.0527
LG09	1140001	1160000	0.0567
LG09	1160001	1180000	0.0532
LG09	1180001	1200000	0.0477
LG09	1200001	1220000	0.0498
LG09	1220001	1240000	0.0491
LG09	1240001	1260000	0.0551
LG09	1260001	1280000	0.0494
LG09	1280001	1300000	0.0493
LG09	1300001	1320000	0.0552
LG09	1320001	1340000	0.04995
LG09	1340001	1360000	0.0517
LG09	1360001	1380000	0.0466
LG09	1380001	1400000	0.0505
LG09	1400001	1420000	0.052
LG09	1420001	1440000	0.0552
LG09	1440001	1460000	0.05115
LG09	1460001	1480000	0.0479
LG09	1480001	1500000	0.0497
LG09	1500001	1520000	0.049
LG09	1520001	1540000	0.0509
LG09	1540001	1560000	0.0511
LG09	1560001	1580000	0.0428
LG09	1580001	1600000	0.0532
LG09	1600001	1620000	0.0517
LG09	1620001	1640000	0.0546
LG09	1640001	1660000	0.0442
LG09	1660001	1680000	0.0547
LG09	1680001	1700000	0.0527
LG09	1700001	1720000	0.0498
LG09	1720001	1740000	0.02145
LG09	1740001	1760000	0.0157
LG09	1760001	1780000	0.0136
LG09	1780001	1800000	0.0217
LG09	1800001	1820000	0.0021
LG09	1820001	1840000	0.0039
LG09	1840001	1860000	0.0399
LG09	1860001	1880000	0.0472
LG09	1880001	1900000	0.0434
LG09	1900001	1920000	0.0486
LG09	1920001	1940000	0.0457
LG09	1940001	1960000	0.054
LG09	1960001	1980000	0.0324
LG09	1980001	2000000	0.0019
LG09	2000001	2020000	0.0286
LG09	2020001	2040000	0.0513
LG09	2040001	2060000	0.0374
LG09	2060001	2080000	0.0477
LG09	2080001	2100000	0.0506
LG09	2100001	2120000	0.0414
LG09	2120001	2140000	0.0342
LG09	2140001	2160000	0.0344
LG09	2160001	2180000	0.0293
LG09	2180001	2200000	0.0329
LG09	2200001	2220000	0.0461
LG09	2220001	2240000	0.0491
LG09	2240001	2260000	0.0338
LG09	2260001	2280000	0.0459
LG09	2280001	2300000	0.0373
LG09	2300001	2320000	0.0494
LG09	2320001	2340000	0.0494
LG09	2340001	2360000	0.0427
LG09	2360001	2380000	0.0475
LG09	2380001	2400000	0.0405
LG09	2400001	2420000	0.0374
LG09	2420001	2440000	0.0178
LG09	2440001	2460000	0.0128
LG09	2460001	2480000	0.015
LG09	2480001	2500000	0.0416
LG09	2500001	2520000	0.0484
LG09	2520001	2540000	0.0463
LG09	2540001	2560000	0.0102
LG09	2560001	2580000	0.0042
LG09	2580001	2600000	0.0126
LG09	2600001	2620000	0.0245
LG09	2620001	2640000	0.0117
LG09	2640001	2660000	0.0067
LG09	2660001	2680000	0.0054
LG09	2680001	2700000	0.0032
LG09	2700001	2720000	0.0021
LG09	2720001	2740000	0.0032
LG09	2740001	2760000	0.0114
LG09	2760001	2780000	0.0118
LG09	2780001	2800000	0.0226
LG09	2800001	2820000	0.0164
LG09	2820001	2840000	0.007
LG09	2840001	2860000	0.0104
LG09	2860001	2880000	0.0121
LG09	2880001	2900000	0.0055
LG09	2900001	2920000	0.0272
LG09	2920001	2940000	0.0361
LG09	2940000	2975832	0.0213211285686378
LG10	1	20000	0.002
LG10	20001	40000	0.0019
LG10	40001	60000	0.0012
LG10	60001	80000	0.0003
LG10	80001	100000	0.0025
LG10	100001	120000	0.0005
LG10	120001	140000	0.0013
LG10	140001	160000	0.0028
LG10	160001	180000	0.0201
LG10	180001	200000	0.0187
LG10	200001	220000	0.029
LG10	220001	240000	0.0213
LG10	240001	260000	0.0135
LG10	260001	280000	0.0421
LG10	280001	300000	0.0483
LG10	300001	320000	0.0096
LG10	320001	340000	0.0129
LG10	340001	360000	0.0296
LG10	360001	380000	0.0204
LG10	380001	400000	0.01
LG10	400001	420000	0.0309
LG10	420001	440000	0.009
LG10	440001	460000	0.0145
LG10	460001	480000	0.0034
LG10	480001	500000	0.0144
LG10	500001	520000	0.0259
LG10	520001	540000	0.0445
LG10	540001	560000	0.0469
LG10	560001	580000	0.0424
LG10	580001	600000	0.0085
LG10	600001	620000	0.0089
LG10	620001	640000	0.01
LG10	640001	660000	0.0154
LG10	660001	680000	0.0173
LG10	680001	700000	0.0262
LG10	700001	720000	0.0537
LG10	720001	740000	0.0456
LG10	740001	760000	0.03625
LG10	760001	780000	0.0339
LG10	780001	800000	0.041
LG10	800001	820000	0.04375
LG10	820001	840000	0.0421
LG10	840001	860000	0.0374
LG10	860001	880000	0.0496
LG10	880001	900000	0.0233
LG10	900001	920000	0.0216
LG10	920001	940000	0.0016
LG10	940001	960000	0.0172
LG10	960001	980000	0.0442
LG10	980001	1000000	0.0449
LG10	1000001	1020000	0.0348
LG10	1020001	1040000	0.0191
LG10	1040001	1060000	0.0412
LG10	1060001	1080000	0.0007
LG10	1080001	1100000	0.0317
LG10	1100001	1120000	0.0484
LG10	1120001	1140000	0.0494
LG10	1140001	1160000	0.0442
LG10	1160001	1180000	0.0522
LG10	1180001	1200000	0.0491
LG10	1200001	1220000	0.047
LG10	1220001	1240000	0.0493
LG10	1240001	1260000	0.0239
LG10	1260001	1280000	0.0491
LG10	1280001	1300000	0.0509
LG10	1300001	1320000	0.0431
LG10	1320001	1340000	0.0483
LG10	1340001	1360000	0.039
LG10	1360001	1380000	0.0492
LG10	1380001	1400000	0.0477
LG10	1400001	1420000	0.0507
LG10	1420001	1440000	0.047
LG10	1440001	1460000	0.0515
LG10	1460001	1480000	0.0279
LG10	1480001	1500000	0.001
LG10	1500001	1520000	0.0244
LG10	1520001	1540000	0.0474
LG10	1540001	1560000	0.0511
LG10	1560001	1580000	0.0319
LG10	1580001	1600000	0.0472
LG10	1600001	1620000	0.04635
LG10	1620001	1640000	0.0474
LG10	1640001	1660000	0.0287
LG10	1660001	1680000	0.0316
LG10	1680001	1700000	0.0437
LG10	1700001	1720000	0.0221
LG10	1720001	1740000	0.0161
LG10	1740001	1760000	0.0101
LG10	1760001	1780000	0.0148
LG10	1780001	1800000	0.0302
LG10	1800001	1820000	0.0093
LG10	1820001	1840000	0.0399
LG10	1840001	1860000	0.0061
LG10	1860001	1880000	0.0386
LG10	1880001	1900000	0.0463
LG10	1900001	1920000	0.0474
LG10	1920001	1940000	0.0128
LG10	1940001	1960000	0.0015
LG10	1960001	1980000	0.0004
LG10	1980001	2000000	0.0278
LG10	2000001	2020000	0.0501
LG10	2020001	2040000	0.0409
LG10	2040001	2060000	0.0414
LG10	2060001	2080000	0.0451
LG10	2080001	2100000	0.044
LG10	2100001	2120000	0.0356
LG10	2120001	2140000	0.0004
LG10	2140000	2174544	0.00758431031987263
LG11	1	20000	0.0114
LG11	20001	40000	0.0216
LG11	40001	60000	0.0375
LG11	60001	80000	0.0378
LG11	80001	100000	0.01325
LG11	100001	120000	0.0412
LG11	120001	140000	0.0412
LG11	140001	160000	0.045
LG11	160001	180000	0.035
LG11	180001	200000	0.0266
LG11	200001	220000	0.0297
LG11	220001	240000	0.0465
LG11	240001	260000	0.04025
LG11	260001	280000	0.0395
LG11	280001	300000	0.04445
LG11	300001	320000	0.037
LG11	320001	340000	0.0407
LG11	340001	360000	0.04
LG11	360001	380000	0.0354
LG11	380001	400000	0.0478
LG11	400001	420000	0.0466
LG11	420001	440000	0.0484
LG11	440001	460000	0.0438
LG11	460001	480000	0.0518
LG11	480001	500000	0.0412
LG11	500001	520000	0.0476
LG11	520001	540000	0.0199
LG11	540001	560000	0.035
LG11	560001	580000	0.0457
LG11	580001	600000	0.0356
LG11	600001	620000	0.0504
LG11	620001	640000	0.0549
LG11	640001	660000	0.0489
LG11	660001	680000	0.0534
LG11	680001	700000	0.0496
LG11	700001	720000	0.0481
LG11	720001	740000	0.0462
LG11	740001	760000	0.0485
LG11	760001	780000	0.0469
LG11	780001	800000	0.049
LG11	800001	820000	0.0508
LG11	820001	840000	0.0525
LG11	840001	860000	0.0533
LG11	860001	880000	0.0511
LG11	880001	900000	0.0541
LG11	900001	920000	0.051
LG11	920001	940000	0.05
LG11	940001	960000	0.0477
LG11	960001	980000	0.049
LG11	980001	1000000	0.0508
LG11	1000001	1020000	0.0461
LG11	1020001	1040000	0.0475
LG11	1040001	1060000	0.0506
LG11	1060001	1080000	0.0502
LG11	1080001	1100000	0.05
LG11	1100001	1120000	0.0536
LG11	1120001	1140000	0.0461
LG11	1140001	1160000	0.0107
LG11	1160001	1180000	0.0023
LG11	1180001	1200000	0.0133
LG11	1200001	1220000	0.0412
LG11	1220001	1240000	0.042
LG11	1240001	1260000	0.0475
LG11	1260001	1280000	0.0437
LG11	1280001	1300000	0.0508
LG11	1300001	1320000	0.0262
LG11	1320001	1340000	0.0398
LG11	1340001	1360000	0.0426
LG11	1360001	1380000	0.0359
LG11	1380001	1400000	0.0071
LG11	1400001	1420000	0.0054
LG11	1420001	1440000	0.0371
LG11	1440001	1460000	0.04735
LG11	1460001	1480000	0.0405
LG11	1480001	1500000	0.0182
LG11	1500001	1520000	0.0034
LG11	1520001	1540000	0.0176
LG11	1540001	1560000	0.0129
LG11	1560001	1580000	0.0164
LG11	1580001	1600000	0.0046
LG11	1600001	1620000	0.0227
LG11	1620001	1640000	0.0463
LG11	1640001	1660000	0.0395
LG11	1660001	1680000	0.0447
LG11	1680001	1700000	0.042
LG11	1700001	1720000	0.0192
LG11	1720001	1740000	0.0402
LG11	1740001	1760000	0.0426
LG11	1760001	1780000	0.0482
LG11	1780001	1800000	0.0438
LG11	1800001	1820000	0.0274
LG11	1820001	1840000	0.0479
LG11	1840001	1860000	0.0431
LG11	1860001	1880000	0.0102
LG11	1880001	1900000	0.0024
LG11	1900001	1920000	0.0044
LG11	1920001	1940000	0.0134
LG11	1940001	1960000	0.0412
LG11	1960001	1980000	0.0445
LG11	1980001	2000000	0.0403
LG11	2000001	2020000	0.0278
LG11	2020001	2040000	0.0024
LG11	2040001	2060000	0.003
LG11	2060001	2080000	0.0026
LG11	2080001	2100000	0.0006
LG11	2100001	2120000	0.0173
LG11	2120001	2140000	0.0181
LG11	2140001	2160000	0.0376
LG11	2160001	2180000	0.0297
LG11	2180001	2200000	0.0284
LG11	2200000	2228230	0.00127519393574439
